4000,677,722,381,235,-85,-25,92,-175,-273,-207,0,384,386,369,302,53,251,278,146,283,417,447,563,762,765,682,860,943,984,905,732,598,539,400,131,78,13,1,432,539,330,535,766,778,742,704,623,769,1154,1347,1236,1059,807,603,496,514,677,662,710,623,386,267,160,118,172,38,160,308,82,106,331,185,143,30,-174,-93,-302,-234,-179,-351,-357,-325,-517,-511,-312,-196,-279,-278,-324,-293,-55,139,100,-162,-310,-198,-126,-229,-290,-296,-293,-126,-387,-458,-284,-406,-588,-902,-858,-716,-842,-642,-540,-360,-77,130,242,120,301,378,560,492,256,400,366,323,401,81,-140,-39,-43,-53,-71,-10,-106,-197,134,371,129,-137,118,131,-124,-243,-589,-618,-366,-457,-521,-432,-603,-922,-976,-764,-433,85,276,71,-236,-419,-360,-159,107,-100,-577,-448,-213,-125,-395,-850,-646,-293,-265,-274,-201,24,33,-42,-280,-382,-104,-108,-31,229,440,648,553,518,563,610,934,1031,830,788,750,577,505,450,375,601,560,281,-11,-146,125,195,103,-222,-474,-410,-225,-234,-383,-260,-304,-404,-374,-491,-533,-328,-21,-51,-241,-516,-832,-838,-678,-943,-1172,-902,-544,-289,-332,-387,-456,-616,-488,-415,-413,-529,-775,-902,-915,-959,-878,-678,-543,-450,-528,-352,-38,30,169,33,-329,-414,-60,-96,-394,-416,-318,-10,96,-25,-254,-72,338,207,11,-83,-159,-36,-162,-303,-326,-301,-33,114,41,-74,-156,-175,-290,-161,28,166,232,307,441,279,133,464,666,540,355,299,644,570,-42,-810,-790,-241,-15,-32,-197,121,723,779,559,497,684,1052,1088,713,326,166,436,326,372,595,506,383,106,-47,-50,-98,-32,-53,80,226,-32,-128,-85,166,489,292,242,240,-186,-46,173,180,415,560,399,209,434,414,196,-24,-433,-514,-186,161,346,451,468,473,378,318,278,142,-86,-369,-489,-374,-138,-159,-258,-298,-19,375,414,321,321,290,235,522,718,859,1144,1177,842,530,514,359,292,188,151,246,209,336,290,248,206,191,408,420,169,0,276,559,563,730,644,275,139,52,-114,164,580,307,168,153,-52,145,359,289,366,501,410,168,127,359,513,388,153,16,-166,-203,211,297,32,-89,-190,-160,-52,27,-165,-704,-961,-1130,-945,-493,-551,-558,-604,-804,-713,-521,-548,-652,-671,-417,-190,-352,-393,-278,-310,-347,-466,-391,-244,-2,0,-222,-152,97,544,542,398,323,191,43,-179,-265,-244,-158,71,118,91,167,-174,-349,-113,-401,-542,-245,86,292,200,282,377,265,372,169,75,-40,9,25,-52,119,-51,-26,289,392,472,-72,-278,-128,-241,-133,-237,-277,-96,37,114,198,86,91,-145,-280,-170,-202,-239,-64,-39,-86,-147,-114,35,3,-317,-563,-564,-591,-561,-694,-532,-57,173,195,276,281,174,168,22,87,220,-58,-473,-681,-467,-183,-18,131,141,-275,-646,-863,-891,-568,-258,-185,-101,149,429,299,165,-19,-347,-483,-432,-164,109,235,293,29,-172,-214,-246,-295,-375,-246,-125,-175,-131,-55,89,122,-145,-420,-198,276,311,256,265,319,620,655,773,712,279,267,206,176,313,251,-27,-194,-79,-72,-92,-124,-282,-39,77,63,-145,-611,-689,-675,-457,-121,-1,177,485,722,911,996,834,492,112,-114,-176,-181,-335,-437,-244,-57,-112,200,345,213,312,233,328,292,141,68,-301,-417,-315,-185,-237,-291,-86,-12,8,-73,-158,38,6,-258,-313,-451,-105,227,255,98,0,147,180,303,300,176,193,26,105,165,-57,35,-20,22,194,342,396,18,80,54,43,127,-344,-257,-389,-649,-712,-1176,-985,-865,-657,-182,-73,347,381,500,376,-81,145,48,-3,-5,-268,6,-116,55,26,-495,-334,-538,-394,-402,-591,-274,-386,107,117,-169,458,302,274,96,-195,91,-89,-8,-13,-318,105,338,838,821,367,355,-111,301,591,54,48,-396,45,702,412,626,330,162,223,87,720,684,915,1155,637,861,589,137,134,-29,-194,-383,150,308,161,821,630,698,882,721,786,154,157,272,160,198,-195,-337,-332,-253,27,76,422,544,545,139,-248,-58,-430,-523,-546,-693,-142,45,292,491,280,397,384,219,221,28,-92,-213,-314,-384,-455,-552,-666,-717,-896,-627,-507,-535,-98,79,30,148,16,-66,19,188,140,-95,-85,-38,351,905,1052,972,783,561,505,407,581,881,953,1097,1343,1285,1129,1158,960,730,686,768,945,952,1313,1382,1161,1306,983,769,569,446,601,310,486,507,344,833,768,589,350,-176,-229,-663,-681,-681,-1152,-998,-907,-772,-795,-983,-945,-1334,-1615,-1611,-1642,-1090,-820,-809,-970,-1163,-871,-962,-1011,-817,-1047,-868,-675,-761,-897,-844,-748,-621,-535,-521,-521,-427,-377,-415,-381,-216,171,538,818,1197,1616,1620,1374,1257,920,702,507,193,-231,-566,-377,-508,-453,-348,-816,-854,-1038,-1172,-1088,-1325,-1208,-1345,-1611,-1599,-1690,-1630,-1837,-1929,-2066,-2340,-1903,-1491,-1219,-837,-597,-445,-242,-282,-651,-764,-451,-161,81,-154,-404,-230,-454,-219,-61,13,614,1215,1886,2344,2579,2880,3005,3175,3303,3154,2913,2606,2163,1693,1358,818,8,-438,-724,-1157,-1768,-2567,-2677,-2486,-2373,-2410,-2645,-2171,-1911,-2017,-1968,-1859,-1484,-1063,-990,-666,-539,-856,-988,-1059,-1230,-1241,-1095,-1280,-1487,-1178,-785,-409,241,1197,1975,2793,3151,3161,3152,2711,2264,2343,2522,2174,1841,1361,750,382,163,-84,-414,-814,-993,-1018,-853,-725,-1039,-1030,-1009,-1233,-715,-961,-1333,-1566,-1823,-1303,-1000,-720,-648,-622,-16,158,32,-354,-627,-551,-808,-706,-808,-943,-622,-401,-100,-183,-335,-429,-615,-476,-654,-801,-768,-890,-809,-1044,-1002,-930,-1196,-1002,-843,-730,-564,-616,-358,-450,-586,-619,-928,-682,-616,-246,46,-209,165,143,135,171,150,492,608,960,887,640,585,212,195,95,-256,87,24,-104,-208,-399,-315,-752,-881,-869,-904,-894,-941,-999,-1200,-1047,-823,-305,-28,-456,-364,-339,-495,-292,-477,-334,114,496,1236,1512,1729,1719,1274,1012,555,364,-83,-768,-782,-386,369,1148,1666,1775,1159,521,58,-499,-972,-1217,-1295,-943,-120,920,1767,2446,2456,2463,2556,2129,2067,2052,1697,1732,1556,1362,1729,1730,1737,1626,1331,1302,1205,1142,944,840,1033,930,1216,1317,1288,1315,1267,1815,2014,1888,1905,2100,2146,1486,1327,1932,1944,2135,2216,2133,2534,2335,2047,1973,1957,2195,1818,1548,1569,1250,1006,723,604,390,236,303,347,570,766,976,1106,926,937,1276,1105,991,732,413,137,-46,-173,-169,-70,-759,-1316,-1390,-1045,-254,71,513,1054,939,447,-63,-698,-1337,-1856,-2191,-2317,-2381,-2802,-3306,-3403,-3501,-3941,-4670,-5304,-6003,-7152,-7934,-8695,-9412,-9564,-9713,-9881,-9760,-9280,-8727,-7910,-7003,-6417,-6239,-6027,-5333,-4588,-4042,-3323,-2481,-1850,-1201,-343,-52,262,757,1233,1919,2531,2856,2911,2957,3241,3359,3389,3619,3864,4353,4699,4873,4993,4816,5060,5140,4823,5034,5362,5979,6473,6533,6645,6586,6685,6714,6657,6991,7789,8673,9107,9309,9635,9653,10013,10658,10738,10825,10784,10768,10741,10780,10878,10689,10334,9677,8647,7622,6699,6065,4941,3254,1709,203,-814,-1933,-3351,-4580,-6000,-6996,-8077,-9412,-10269,-11080,-11955,-13192,-15073,-16416,-16956,-17532,-17938,-18298,-18738,-19062,-19196,-19126,-19216,-19490,-19225,-18138,-16721,-15279,-14327,-13287,-11562,-10527,-9475,-7970,-6733,-5392,-4026,-2451,-1037,204,1220,1610,2035,2946,4101,5390,6599,7506,8137,8754,9499,10184,11088,11575,11968,12438,12644,13215,13534,13788,13857,13550,13497,13298,12702,11974,11484,11161,10782,9904,9016,8154,7175,6198,5059,3388,1799,1117,209,-371,-721,-1081,-823,-1034,-1446,-1391,-1046,-609,-497,-851,-1318,-1631,-2049,-2563,-2949,-3660,-4211,-4621,-5551,-5840,-5853,-6217,-6357,-6477,-6487,-6456,-6312,-6169,-6383,-6182,-6095,-6044,-5992,-6383,-6318,-6557,-6775,-6430,-6103,-5438,-5048,-4956,-4715,-4445,-3768,-3238,-2906,-2506,-2180,-1682,-1322,-1028,-489,-110,75,-15,-99,59,404,704,791,1038,1326,1439,1438,1321,1065,1297,1608,1802,2002,1676,1667,1679,1631,2082,2038,2089,2255,2375,2350,2540,2667,2881,3270,3449,3353,3147,2907,2739,2657,2384,2329,2504,2678,2980,2763,2477,2537,2626,2753,2850,2863,2604,2347,2381,2423,2492,2265,2115,2105,1890,1846,1761,1549,1524,1601,1610,1507,1343,1080,762,557,343,269,230,308,557,796,983,1079,1003,1075,1161,1157,1024,719,552,409,247,100,-39,6,185,961,1873,1536,406,-667,-1050,-546,426,2014,3497,4287,4329,4363,6161,5990,-3080,-15851,-21251,-18430,-9258,847,5533,5195,3361,2533,2531,1853,-31,-2400,-3931,-4027,-3502,-3120,-2461,-1847,-1320,-430,225,338,177,116,-288,-983,-1281,-1422,-1610,-1643,-1810,-1948,-1794,-1514,-1300,-1509,-1555,-1472,-1477,-1383,-1414,-1661,-1740,-1715,-1684,-1572,-1383,-1397,-1424,-1386,-1506,-1401,-1111,-1032,-903,-853,-928,-721,-277,-119,-156,-37,-31,19,-8,41,94,-11,52,170,68,-152,-210,-220,-27,164,10,92,241,97,-74,-61,-124,-272,-155,-314,-460,-200,-128,-222,-183,-98,82,87,-30,71,144,179,48,-135,-462,-519,-247,-154,-342,-541,-639,-704,-518,-265,-398,-344,-355,-525,-454,-428,-347,-99,-87,-251,-216,-56,-110,-51,-15,22,236,107,170,414,382,550,834,775,641,662,714,562,387,410,341,477,780,876,979,979,774,639,488,494,505,645,555,684,948,926,1241,1335,1289,1642,1839,2085,2200,2152,2254,2022,1942,1969,1841,1756,1483,1303,1259,1312,1635,1848,1953,1908,1956,1915,1622,1504,1240,1025,920,789,977,976,941,887,583,661,560,412,484,148,87,-74,-406,-578,-838,-885,-938,-964,-550,-318,-203,61,243,367,442,321,-291,-587,-715,-844,-627,-923,-1353,-1437,-1549,-1556,-1531,-1398,-1572,-1732,-1706,-2023,-1957,-1792,-1765,-1566,-1542,-1453,-1120,-1265,-1424,-1156,-936,-1022,-1026,-1100,-1453,-1538,-1469,-1533,-1492,-1518,-1719,-1766,-1780,-1853,-1569,-1389,-1290,-993,-601,-288,-311,-391,-672,-795,-873,-1047,-1011,-1046,-1268,-1238,-1052,-766,-436,-237,-148,-173,-78,87,102,171,57,106,-59,-358,-285,-213,-153,157,392,288,368,544,212,162,406,420,577,632,639,710,802,1018,917,865,864,888,835,960,1326,1556,1759,1834,1584,1394,1505,1519,1599,1387,1042,847,916,1025,819,662,608,666,829,632,383,404,208,274,537,515,641,702,794,842,978,1076,1024,1080,843,628,421,388,759,592,191,217,425,330,337,572,253,211,445,479,555,457,253,235,73,16,-21,-166,-266,-461,-416,-211,163,343,294,227,30,192,322,310,311,214,145,215,172,247,123,63,159,0,-238,-411,-540,-496,-626,-707,-741,-723,-589,-586,-657,-734,-671,-563,-605,-807,-827,-826,-624,-511,-578,-466,-310,-149,-123,-218,-510,-631,-801,-939,-844,-893,-867,-741,-584,-437,-205,-42,-14,-10,-160,-420,-403,-243,-158,-140,-224,-43,65,-16,-85,-222,-438,-443,-219,-37,73,38,-210,-325,-75,-21,26,237,156,148,231,238,54,-78,-55,-181,-128,40,-61,-94,-257,-317,-368,-478,-433,-482,-373,-177,-175,-40,-35,-76,-77,-67,-103,135,201,101,186,207,268,275,76,-39,-90,-123,11,214,128,85,185,220,209,181,141,24,108,237,359,546,735,817,759,555,430,599,650,657,424,-31,-63,-55,-186,-57,-39,5,77,97,39,-13,150,182,366,431,120,23,17,-17,-12,-104,-138,-175,-143,-123,-92,42,-23,240,313,190,179,73,31,-155,-350,-494,-672,-540,-547,-671,-369,-197,-212,-119,-139,-36,-188,-230,-50,-160,-214,-331,-344,-315,-376,-322,-250,-233,-62,-16,183,575,702,633,539,567,513,619,549,282,317,477,590,735,848,737,828,865,982,1167,1286,1277,1109,846,477,272,405,556,368,275,195,187,352,498,668,787,838,765,613,627,714,679,551,440,568,441,373,491,342,259,126,76,153,121,159,163,17,-20,-173,-288,-304,-200,40,11,34,163,127,93,-68,-318,-289,-242,-346,-407,-569,-697,-632,-536,-365,-271,-523,-654,-547,-538,-519,-393,-169,-272,-573,-547,-705,-1112,-948,-615,-266,375,1036,1621,2130,2592,2769,2420,2020,1775,1347,405,-330,-959,-1950,-2487,-2396,-1509,22,1849,3477,4290,4784,4847,4179,3565,2810,1845,976,300,-340,-1179,-1748,-2284,-2908,-3204,-3403,-3669,-3664,-3585,-3567,-3457,-3361,-2918,-2776,-2506,-2141,-2269,-2106,-1767,-1831,-1630,-1498,-1429,-1198,-952,-851,-885,-701,-571,-547,-233,-73,-81,-18,325,441,231,456,321,271,472,374,285,182,-44,-159,21,-56,3,85,-28,218,530,706,853,702,639,950,590,460,453,257,127,-14,-214,-566,-909,-1252,-1410,-1251,-1297,-1424,-1660,-1953,-1763,-472,1539,3718,5278,6097,6398,6064,5968,5640,4573,3484,2469,1742,1233,592,-126,-722,-960,-1307,-1755,-2050,-2466,-2617,-2796,-2838,-2914,-2739,-2431,-2522,-2409,-2254,-2115,-1711,-1407,-1186,-1004,-784,-527,-490,-358,-166,-166,68,127,-60,-121,-63,-91,-127,-224,-406,-364,-271,-297,-465,-571,-652,-819,-1045,-1330,-1398,-1451,-1676,-2068,-2309,-1766,-589,1208,3317,4829,5436,5523,5360,5190,4795,3885,2972,2192,1623,1095,214,-206,-536,-797,-1165,-1484,-1517,-1694,-1762,-1785,-1755,-1734,-1747,-1460,-1165,-991,-864,-711,-682,-615,-453,-320,-200,-145,-123,-96,147,439,503,346,89,365,614,546,641,579,485,756,693,379,615,967,707,381,554,366,102,92,-15,-112,-303,-226,-274,-502,-607,-814,-841,-957,-1009,-1199,-1740,-1876,-1229,-75,1992,4108,5257,5789,5664,5429,5181,4377,3430,2412,1434,586,207,-346,-1107,-1431,-1792,-2125,-2440,-2986,-3410,-3623,-3737,-3515,-3608,-3872,-3535,-3033,-2846,-3050,-3447,-3539,-3538,-3421,-3679,-4232,-5042,-7213,-9599,-11665,-13297,-14111,-14822,-14642,-10883,-2468,5504,8804,10594,13692,17592,21065,23786,25828,27188,28551,29278,28520,26020,22261,18765,15165,10237,5068,210,-3805,-6848,-9783,-12341,-14910,-17283,-18912,-19872,-20223,-20258,-19586,-18241,-16372,-13695,-10849,-8375,-6148,-4125,-2096,-906,267,1610,2513,3103,3244,3497,3817,3763,3547,2854,1791,1018,307,-599,-1217,-1461,-2030,-2118,-1959,-2064,-1656,-1327,-1306,-932,-576,-202,180,683,1250,1608,2203,2876,3350,3939,4447,4590,4852,5012,5122,5257,5137,4862,4643,4443,4351,4153,3724,3297,3100,2976,2601,2229,2051,1765,1647,1455,969,633,371,252,357,-172,-803,-900,-908,-1024,-1724,-2120,-1958,-2201,-2406,-2368,-2596,-2633,-2555,-2593,-2610,-2830,-2977,-2976,-3253,-3460,-3498,-3984,-4085,-3689,-4023,-4473,-4398,-4160,-4084,-4322,-4469,-4289,-3627,-3590,-3760,-3240,-2993,-3206,-3077,-2565,-2381,-2246,-1942,-2074,-2255,-1487,-343,450,651,309,-298,-1047,-1903,-2270,-1930,-1755,-1852,-1544,-1310,-1092,-699,-561,-416,-353,74,1153,2744,4543,5911,6107,5577,5259,5190,5186,5358,6507,8061,9088,9911,10480,11130,12229,13106,13515,13817,14392,14958,15234,14935,14479,14156,13556,12792,11761,10678,9520,7623,5797,4159,2369,1023,-283,-2089,-3754,-5439,-6837,-7662,-8412,-9279,-10158,-10493,-10614,-10557,-10631,-10529,-10111,-9733,-9349,-8878,-8459,-7969,-7406,-7091,-6519,-6191,-5736,-5152,-4823,-4481,-4018,-3663,-3206,-3033,-2930,-2356,-2111,-2095,-2116,-2151,-2187,-2068,-2087,-2616,-3264,-3753,-4066,-4185,-4476,-4577,-4188,-4191,-4288,-4348,-4590,-4427,-4305,-4244,-3963,-3840,-3605,-3304,-3121,-2884,-2499,-2312,-2143,-1803,-1445,-1120,-879,-636,-262,-22,112,565,946,1055,1356,1698,1933,2182,2262,2285,2424,2349,2321,2582,2306,1950,1951,1695,1510,1245,887,701,667,570,405,442,512,408,608,754,617,643,576,679,748,667,703,791,1222,1548,1741,2045,2331,2955,3303,3352,3582,3623,3775,3963,3925,3963,3812,3579,3440,3273,3095,2823,2547,2430,2209,1839,1651,1600,1338,1258,1215,1039,883,854,880,809,745,726,646,680,661,619,602,375,222,194,102,141,90,-180,-231,-381,-382,-448,-755,-756,-910,-1017,-1158,-1279,-1029,-743,-191,434,635,1004,1104,980,989,524,301,6,-235,-444,-819,-1090,-1303,-1322,-1489,-1668,-1859,-2195,-2168,-2275,-2399,-2498,-2621,-2625,-2611,-2585,-2660,-2520,-2308,-2240,-2203,-2045,-1885,-1700,-1426,-1177,-948,-675,-370,-137,132,315,391,480,488,415,354,234,103,14,-148,-323,-468,-528,-739,-886,-987,-1217,-1150,-1099,-1203,-1299,-1454,-1574,-1506,-1126,-575,253,1060,2020,3108,3763,4216,4349,3958,3470,3053,2499,1879,1234,741,230,-199,-422,-735,-898,-1018,-1428,-1605,-1731,-1896,-2038,-1978,-1894,-1930,-1786,-1665,-1484,-1352,-1197,-987,-946,-749,-488,-417,-213,-128,19,201,383,470,395,635,651,669,637,581,657,730,669,548,480,633,690,591,375,5,-207,-321,-225,162,488,1087,1496,1500,1619,1512,1766,2458,2650,2979,3234,3452,3697,3669,3597,3444,3138,2753,2287,1885,1551,1105,637,208,-294,-467,-583,-792,-988,-1151,-1310,-1276,-1165,-1123,-952,-917,-853,-547,-379,-457,-349,-449,-331,-277,-328,-192,-217,-157,-19,-161,-89,207,255,150,198,395,430,658,715,718,971,1186,1197,1234,1318,1269,1341,1189,970,954,785,679,596,248,-295,-865,-1117,-914,-324,442,1145,1667,1959,1885,1527,881,453,228,-188,-432,-813,-972,-997,-1135,-1237,-1388,-1462,-1239,-1040,-839,-424,82,467,574,721,612,323,259,-126,-630,-945,-1375,-1552,-1823,-2122,-2419,-2956,-3096,-3008,-2913,-2155,-1418,-850,-329,-109,-100,-319,-418,-606,-767,-791,-870,-794,-812,-558,-383,-485,-114,140,204,424,537,664,751,725,773,667,514,372,146,-165,-345,-359,-643,-840,-717,-820,-735,-661,-701,-580,-639,-478,-458,-547,-425,-408,-346,-242,-385,-141,103,92,301,272,389,657,606,849,1103,870,936,910,530,217,-175,-527,-683,-403,143,846,1664,2131,2480,2330,1904,1514,1107,922,578,378,407,298,248,149,-46,86,296,339,479,488,329,377,310,131,142,-1,-108,-56,-117,-277,-230,-134,-262,-51,-57,-102,96,117,194,248,282,403,380,299,156,-101,-552,-1077,-1138,-512,358,1234,2014,2425,2406,2257,1787,1345,861,186,-76,-254,-603,-569,-546,-735,-404,-133,-4,344,488,482,553,539,603,410,178,61,-52,-82,9,358,475,695,940,1015,1072,872,756,510,199,112,-86,-234,-364,-668,-697,-880,-1130,-1118,-1120,-1116,-1199,-1203,-1213,-1269,-1179,-1200,-1264,-1321,-1240,-1127,-1326,-1241,-1224,-1441,-1246,-1195,-1252,-1087,-1051,-965,-934,-887,-822,-735,-539,-509,-397,-324,-271,-74,19,110,287,325,511,621,693,812,944,1126,889,932,1060,880,1065,1006,795,871,787,745,822,751,712,621,361,92,-403,-948,-1158,-1062,-495,301,945,1532,1907,1938,1824,1532,1280,1185,959,938,902,721,994,1036,718,660,473,276,162,-146,-476,-618,-735,-939,-1100,-1232,-1302,-1330,-1410,-1446,-1537,-1515,-1471,-1388,-1290,-1295,-1360,-1346,-1427,-1486,-1466,-1455,-1346,-1390,-1309,-1253,-1238,-1013,-899,-775,-601,-466,-349,-292,-446,-436,-347,-221,-336,-459,-535,-593,-534,-540,-557,-678,-619,-473,-589,-533,-489,-511,-340,-254,-363,-355,-160,-82,24,43,-60,38,47,61,285,164,216,355,333,395,499,530,534,543,484,406,423,386,377,259,91,137,140,213,234,81,66,-29,16,85,-138,-187,-32,-152,-173,40,-98,-56,-62,-119,-47,-43,140,228,132,139,202,367,413,426,509,520,711,790,731,809,756,875,980,935,983,826,665,644,465,124,211,63,-157,-137,-317,-407,-337,-600,-640,-606,-605,-529,-562,-543,-633,-516,-393,-424,-409,-378,-301,-232,-241,-149,-105,-90,136,89,21,184,233,239,133,124,162,138,243,183,140,189,80,131,161,12,14,10,51,88,-59,-98,-23,-7,18,2,-52,-119,-120,-140,-173,-213,-275,-210,-114,-140,-173,-8,60,155,254,268,415,788,831,909,1007,855,948,878,685,678,583,436,233,40,-134,-291,-228,-338,-443,-417,-557,-407,-380,-576,-465,-540,-416,-270,-349,-191,-204,-125,-170,-334,-293,-303,-260,-198,-263,-259,-205,-142,29,69,110,216,285,385,551,562,571,783,856,1010,1193,1204,1241,1202,1179,1277,1228,1191,1183,1085,966,969,1094,1057,974,933,920,909,769,831,880,915,905,671,766,740,656,779,600,552,732,660,641,659,599,485,629,751,674,724,620,658,779,731,730,718,701,656,688,715,588,455,487,559,452,308,226,178,54,-150,-127,-141,-160,-235,-447,-467,-395,-236,-114,-119,-162,-196,-32,4,-77,49,76,-103,-107,-68,9,-137,-219,-65,-124,-158,111,34,-135,-115,-161,-208,-168,-209,-358,-365,-426,-412,-347,-475,-584,-427,-572,-598,-548,-804,-700,-589,-700,-667,-752,-756,-664,-776,-738,-808,-939,-690,-765,-856,-755,-831,-690,-604,-680,-762,-724,-672,-638,-629,-567,-483,-500,-615,-559,-622,-681,-581,-683,-749,-672,-557,-509,-590,-586,-602,-618,-348,-353,-611,-366,-359,-391,-305,-345,-284,-202,-116,-79,-29,-104,-123,105,61,-111,-31,-8,-3,111,55,-63,36,23,-151,14,120,117,113,59,143,165,231,408,469,466,528,653,783,804,784,814,1010,1169,1158,1239,1225,1316,1658,1771,1791,1860,1861,1833,1811,1801,1825,1835,1716,1666,1697,1614,1467,1517,1527,1346,1471,1445,1312,1254,1075,1144,1178,1106,1075,1028,1056,1165,1108,890,842,941,1092,1062,921,885,895,916,1031,965,894,662,572,749,610,458,457,441,727,841,707,785,616,490,475,349,428,508,526,462,270,288,406,355,187,160,165,-57,-405,-591,-578,-680,-989,-1148,-1220,-1373,-1516,-1790,-1905,-1966,-2057,-2285,-2631,-2897,-3260,-3701,-4255,-5084,-5978,-7112,-8101,-8912,-9376,-9599,-9889,-9847,-9618,-9231,-8793,-8700,-8287,-7817,-7692,-7220,-6703,-6144,-5454,-4800,-3954,-2977,-1991,-1020,-161,842,1465,1925,2667,3202,3696,3888,4236,4740,5148,5588,5781,5777,5778,6304,7006,7012,6808,6596,6888,7611,7771,7870,8185,8159,8196,8308,8320,8435,8598,8812,8962,8920,8780,8761,8549,8376,8683,8978,9238,9455,9516,9616,9568,9673,9777,9484,9374,8962,8086,7466,6486,5287,3986,2477,790,-767,-2179,-3594,-4614,-5783,-7271,-8672,-9900,-10683,-11394,-12443,-13467,-14266,-14390,-14845,-15528,-15990,-16322,-16206,-16129,-16425,-16702,-16695,-16454,-15920,-15064,-14045,-12704,-11256,-10141,-9336,-8366,-7092,-5650,-4090,-2828,-1995,-1091,-52,762,1408,1817,2294,2898,3526,4240,4742,5125,5537,6022,6505,6900,7313,7495,7948,8534,8852,9187,9450,9629,9844,9887,9795,9497,9091,8860,8272,7589,6941,6071,5370,4681,3947,3210,2496,1830,1264,859,489,102,-146,-424,-578,-538,-504,-652,-545,-478,-587,-382,-277,-454,-531,-388,-373,-465,-592,-889,-946,-998,-1368,-1581,-1710,-2046,-2111,-2123,-2520,-2816,-2991,-3300,-3457,-3525,-3590,-3666,-3834,-4004,-3999,-4154,-4109,-4020,-4166,-4104,-4247,-4262,-4068,-4039,-3931,-3911,-3942,-3653,-3380,-3426,-3210,-3058,-2932,-2587,-2430,-2261,-1822,-1522,-1201,-942,-818,-527,-157,253,486,776,1188,1270,1423,1753,1850,2118,2479,2669,2859,2893,2896,3164,3239,3238,3395,3461,3604,3960,3988,3795,3888,4094,4267,4530,4663,4365,4345,4340,4383,4576,4451,4176,4004,4040,4058,3843,3776,3920,3824,3815,3785,3657,3476,3249,2971,2888,2827,2493,2164,1877,1531,1424,1251,1233,926,579,537,293,186,214,-38,-359,-570,-679,-856,-890,-904,-1128,-1274,-1261,-1126,-965,-1005,-1295,-1389,-1296,-1129,-914,-898,-921,-825,-763,-620,-457,-527,-498,-352,-549,-814,-797,-1036,-1321,-1343,-1489,-1708,-1846,-1935,-2139,-2124,-1911,-1903,-1923,-1971,-2126,-1978,-1859,-1941,-2110,-2157,-2295,-2388,-2264,-2327,-2474,-2374,-2413,-2527,-2534,-2703,-2670,-2479,-2582,-2693,-2737,-2896,-2663,-2484,-2684,-2631,-2602,-2643,-2526,-2577,-2503,-2401,-2503,-2329,-2095,-1913,-1885,-1886,-1703,-1818,-1590,-1241,-1335,-1371,-1350,-1451,-1351,-1259,-1148,-1106,-1208,-1196,-958,-871,-844,-759,-539,-495,-452,-568,-619,-589,-709,-619,-557,-687,-568,-575,-585,-307,-145,-179,5,156,210,507,525,317,309,510,746,649,264,265,312,337,448,476,541,554,563,605,713,797,717,873,904,670,765,701,824,908,676,772,695,694,944,834,693,652,664,841,864,750,450,497,831,853,970,817,708,876,990,1178,1212,1271,1237,1135,1331,1355,1374,1540,1495,1519,1476,1347,1292,1169,1170,1153,1119,968,626,484,334,300,329,218,160,108,179,231,217,232,309,276,396,319,269,329,336,339,418,311,136,228,187,149,198,180,202,209,17,32,277,400,286,296,265,165,302,309,326,335,336,213,104,260,362,412,384,191,355,587,614,647,477,683,931,1004,1030,976,952,1014,1244,1289,1118,1208,1283,1232,1323,1311,1237,1351,1189,729,737,935,983,878,730,626,374,454,623,506,327,111,134,-2,15,157,5,-6,-6,-24,-72,-173,-173,-272,-349,-167,-132,-375,-469,-467,-304,-121,-175,-220,-321,-403,-368,-279,-341,-404,-277,-378,-405,-462,-542,-600,-584,-397,-545,-605,-492,-555,-387,-240,-447,-420,-139,-59,18,111,-151,-196,18,-117,-77,-213,-296,-46,-193,-287,-293,-179,219,261,313,222,52,322,349,326,348,20,-234,-299,-340,-394,-423,-452,-580,-663,-734,-913,-818,-901,-960,-911,-1019,-981,-1167,-1149,-1084,-1096,-923,-999,-1195,-1260,-1158,-860,-806,-902,-839,-799,-663,-449,-474,-397,-440,-481,-277,-271,-444,-375,-322,-452,-318,-393,-532,-398,-365,-289,-372,-594,-595,-532,-295,-217,-156,-97,-184,-51,-98,-87,37,-45,-204,-290,-300,-315,-343,-439,-412,-343,-236,-130,-169,-206,-342,-302,-174,-120,-37,9,209,235,145,154,281,406,405,452,537,421,451,604,447,540,777,821,712,761,591,470,866,704,596,811,443,228,351,286,198,89,-91,-221,-382,-420,-309,-148,-341,-473,-435,-309,-242,-167,-79,-30,28,27,-18,69,336,557,488,260,234,392,480,651,591,517,418,459,542,355,131,-74,-98,217,235,117,92,-20,182,314,177,178,306,604,710,430,191,180,406,522,394,269,208,259,320,326,276,130,294,517,460,150,88,170,174,422,569,418,338,336,246,324,366,355,436,491,346,356,327,18,128,276,82,142,201,-17,-46,-9,73,136,107,-52,-94,33,5,-40,-219,-390,-340,-380,-574,-481,-403,-480,-449,-420,-467,-499,-424,-355,-334,-262,-167,-160,-281,-207,-134,-21,293,106,-58,-103,-235,-171,-104,-359,-466,-409,-454,-311,-214,-357,-375,-352,-437,-520,-577,-570,-606,-651,-617,-638,-795,-735,-682,-732,-678,-686,-714,-645,-637,-755,-767,-692,-638,-507,-547,-393,-281,-521,-388,-283,-273,12,-5,10,151,319,479,579,651,698,965,996,796,954,959,949,1163,978,645,545,617,797,837,751,359,222,303,413,517,320,253,330,209,171,360,462,398,170,193,345,279,298,243,122,-83,-100,-85,-86,-43,-293,-454,-317,-366,-169,-14,-217,-169,-157,-230,-147,-151,-206,-306,-331,-235,-125,-34,-186,-174,-27,185,382,261,257,246,309,510,482,309,102,98,182,122,114,127,234,110,-183,-167,-71,-24,96,-34,-79,-250,-486,-333,-132,-168,-409,-549,-537,-603,-631,-759,-749,-679,-823,-797,-628,-643,-625,-838,-936,-627,-650,-579,-511,-628,-389,-149,-277,-240,-175,-246,-179,-26,-6,37,136,-10,-111,-63,-58,75,261,208,116,199,270,246,521,517,317,559,599,610,772,587,687,713,685,865,779,766,754,558,334,239,327,534,517,283,179,101,185,234,80,-17,-119,4,250,109,-167,-324,-380,-230,-4,112,-66,-273,-278,-192,-24,166,129,-29,-233,-309,-191,70,84,41,21,-209,108,301,289,430,378,256,314,164,114,137,115,146,-36,-100,-212,-259,-64,-211,-398,-327,-427,-180,24,-264,-230,9,-27,-81,144,68,-114,-55,-137,-39,83,15,-24,-166,-185,17,18,16,-16,-31,-6,-19,20,21,-58,94,-32,-87,-5,41,137,52,-67,33,155,134,214,248,366,368,377,681,826,565,382,426,450,602,736,878,664,360,413,263,315,389,307,357,127,98,55,-181,-61,-69,-39,31,37,7,-121,-109,-83,66,198,-101,-216,-130,-163,92,175,41,37,-92,-60,47,-24,-81,113,159,117,107,57,83,-103,-78,119,-37,-186,-173,-217,-138,-66,-152,-205,-273,-155,27,-18,57,66,143,112,24,124,23,5,-107,-289,-405,-555,-618,-650,-760,-694,-660,-803,-753,-742,-704,-684,-573,-557,-700,-717,-667,-737,-555,-416,-533,-617,-560,-611,-641,-394,-420,-601,-655,-835,-969,-710,-762,-908,-880,-852,-944,-878,-894,-907,-966,-1171,-1202,-1063,-898,-1013,-1208,-1122,-947,-920,-807,-814,-750,-607,-763,-578,-408,-768,-926,-1274,-1807,-1623,-1409,-1551,-1850,-1852,-1642,-1466,-1463,-1966,-2374,-2678,-4498,-7457,-9495,-10755,-12363,-14127,-15796,-16637,-14445,-9796,-5135,-641,4442,9373,13234,16743,20892,25830,30648,32764,32537,32236,32455,32222,31198,27575,21945,16124,9610,3390,-1714,-6255,-9974,-13131,-16053,-18170,-19226,-19588,-19164,-18270,-16734,-14570,-12059,-9777,-7985,-6591,-5592,-4665,-4033,-3790,-3663,-3614,-3581,-3406,-3469,-3678,-3898,-4202,-4683,-5203,-5691,-6273,-6657,-6656,-6556,-6512,-6272,-5836,-5261,-5001,-4763,-4381,-4101,-3742,-3638,-3415,-2710,-2096,-1164,-43,683,1647,2385,3073,3899,4665,5133,5460,5863,6129,6335,6323,6386,6713,6710,6562,6495,6256,6082,5956,5740,5347,4950,4603,3841,3063,2758,2281,1677,800,-216,-1172,-2027,-2950,-4472,-5858,-6399,-6194,-5780,-5904,-5955,-5452,-4215,-3368,-4691,-6972,-7921,-7428,-6323,-6171,-7370,-8464,-8837,-8569,-8521,-8569,-7401,-4460,-1234,995,2797,4363,6440,8867,11337,13873,16004,17223,17959,18696,19518,20422,21104,21222,20895,20345,19676,18797,18027,17494,16762,15952,15061,14213,13180,11683,10186,8447,6164,4088,1976,-435,-2731,-4966,-7114,-9030,-10583,-11932,-12761,-13344,-13863,-14092,-13934,-13418,-12749,-11815,-11012,-10248,-9220,-8270,-7333,-6600,-5632,-4520,-3693,-3149,-2835,-2180,-1617,-1297,-1031,-974,-823,-704,-762,-926,-1013,-1096,-1190,-1319,-1398,-1525,-1616,-1825,-2065,-2132,-2153,-2249,-2505,-2824,-3053,-3067,-3158,-3325,-3524,-3884,-3880,-3482,-3466,-3575,-3721,-3714,-3334,-3010,-2950,-2996,-2569,-2189,-2000,-1881,-1461,-1041,-831,-586,-555,-416,-116,-87,170,417,410,480,448,330,367,500,509,714,725,410,294,305,177,195,269,156,118,332,426,123,235,620,961,1068,905,963,1249,1500,1616,1576,1565,1727,1786,1969,2026,2030,1848,1764,2188,2211,2024,1837,1793,1892,1685,1607,1623,1549,1632,1486,1271,1353,1431,1485,1321,1121,1150,1000,1002,895,622,655,741,545,227,183,192,14,45,25,-121,-166,-352,-254,-119,-223,-308,-426,-474,-492,-453,-321,-385,-441,-568,-590,-525,-581,-581,-699,-761,-701,-790,-904,-929,-902,-893,-1014,-1039,-1149,-1187,-1268,-1310,-1132,-1137,-1261,-1195,-1079,-1004,-978,-960,-962,-952,-904,-911,-793,-885,-1062,-1089,-1078,-869,-825,-982,-1013,-1121,-950,-814,-822,-656,-672,-712,-694,-613,-410,-310,-335,-555,-650,-544,-552,-389,-312,-442,-474,-527,-481,-491,-492,-398,-378,-428,-691,-764,-617,-583,-508,-373,-551,-629,-483,-449,-289,-107,-98,-19,-29,62,341,520,448,551,728,694,702,811,821,864,877,692,648,655,536,506,629,448,266,390,300,132,151,291,314,316,295,148,273,464,442,558,501,234,443,466,420,536,506,678,764,892,864,638,871,1020,1099,1086,752,663,725,781,885,844,722,642,659,796,705,538,575,559,549,447,325,378,324,388,413,338,191,100,383,505,286,25,103,96,-244,-308,-174,-341,-538,-486,-726,-684,-436,-410,-346,-417,-481,-322,-34,100,-75,-192,-79,-9,1,-120,-197,-154,-123,17,0,-168,-230,-167,88,58,68,163,147,79,47,-52,-131,37,-109,-356,-225,-112,-198,-259,-343,-489,-309,-315,-578,-532,-394,-355,-297,-171,-195,-311,-84,197,127,155,128,132,210,231,301,361,335,340,471,658,637,642,739,607,602,589,641,901,762,608,1028,1053,796,879,717,830,1104,1036,984,865,864,946,807,823,603,553,720,329,192,255,100,19,-32,-173,-202,-310,-225,-312,-581,-549,-505,-323,-99,-306,-259,-31,-58,74,131,69,142,382,500,445,456,585,786,870,921,942,893,862,975,1099,870,763,850,686,587,578,536,718,674,413,187,301,520,300,54,-92,-125,0,-174,-244,-116,-213,-197,-129,-274,-291,-211,-132,-134,-95,-198,-216,-268,-345,-284,-279,-335,-364,-429,-387,-526,-597,-429,-465,-515,-552,-416,-110,-214,-423,-432,-467,-148,-124,-558,-668,-673,-616,-686,-839,-779,-820,-900,-805,-868,-964,-1004,-1069,-854,-789,-877,-628,-639,-869,-1088,-1127,-855,-820,-902,-970,-1051,-994,-886,-920,-818,-908,-805,-727,-912,-770,-530,-800,-685,-544,-628,-617,-551,-440,-494,-274,-172,-300,-44,63,-116,102,169,145,296,165,426,627,647,593,477,597,900,1013,1103,1113,1024,1106,1372,1335,1373,1469,1299,1278,1361,1300,1244,1284,1239,1191,1260,1167,1127,1311,1089,981,973,874,862,776,799,763,682,560,762,892,592,585,486,282,276,226,243,170,-27,-152,-168,111,154,-59,-162,-235,-203,-185,-162,-101,-323,-314,-320,-419,-264,-325,-455,-462,-520,-390,-383,-519,-567,-596,-459,-393,-562,-468,-345,-368,-262,-359,-308,-301,-462,-364,-413,-553,-535,-586,-514,-409,-743,-723,-743,-892,-956,-895,-842,-979,-1153,-1253,-1202,-1229,-1263,-1353,-1156,-997,-1162,-999,-724,-575,-244,-260,-352,-366,-383,-154,-251,-209,-6,-283,-319,-242,-405,-167,-28,-17,-65,-493,-257,-92,-178,-110,-257,-319,-212,-297,-121,-326,-561,-175,-161,-297,-63,-93,-29,256,220,363,372,375,657,521,527,868,612,561,801,834,628,285,524,607,386,536,418,299,363,190,337,506,384,317,157,183,456,312,34,3,194,192,91,90,46,59,-1,54,32,-8,-28,-25,-196,-266,-56,-137,-279,-411,-72,-63,-257,102,302,278,300,491,490,629,855,963,751,864,881,575,891,935,745,865,677,634,775,718,921,925,580,643,534,395,280,152,109,-75,-29,41,-141,-307,-252,-94,-97,-188,-295,-288,-277,-264,-339,-257,-144,-160,-250,-154,-165,-259,-260,-439,-334,-351,-424,-267,-386,-486,-298,-520,-320,-241,-293,-338,-476,-312,-272,-411,-410,-380,-460,-431,-471,-680,-744,-628,-585,-487,-555,-648,-599,-376,-469,-737,-582,-532,-354,-248,-529,-470,-560,-413,-145,-381,-136,-393,-576,-216,-281,-295,-4,-279,-167,-151,-441,-278,-349,-354,-191,-447,-532,-459,-576,-639,-869,-935,-922,-1051,-1184,-1017,-1070,-1207,-1255,-1360,-1255,-1015,-1035,-935,-840,-865,-794,-788,-778,-673,-437,-531,-646,-567,-571,-729,-489,-261,-473,-513,-344,-463,-196,-87,-302,-111,-47,88,349,280,353,653,717,1005,1255,1339,1596,1658,1832,2158,2232,2630,2907,3000,3481,3729,4003,4165,4042,4494,6388,9801,11968,10436,6434,821,-3075,-4853,-6904,-9556,-12847,-14015,-11562,-8220,-6486,-5515,-4034,-1362,1500,3173,4162,5319,6662,8187,8852,8851,8940,8835,8668,8130,6940,6131,5350,4170,3263,2170,1516,1183,555,112,-316,-728,-944,-1017,-1083,-1195,-1201,-1560,-1923,-2156,-2353,-1959,-1601,-1246,-1331,-1421,-1127,-677,-379,-120,-230,-324,-638,-988,-1214,-1630,-2276,-3626,-5349,-7256,-8885,-9855,-10584,-11182,-11588,-11638,-11124,-10593,-10326,-10094,-9843,-9419,-9052,-8643,-7776,-6823,-5612,-3961,-2192,-1000,-491,-839,-2147,-4118,-5917,-6393,-6060,-5404,-4910,-4498,-3066,-1130,426,2162,3608,5258,7299,8240,9145,10390,11161,11908,12476,12507,12512,12416,12235,11888,11246,10846,11133,11485,11415,11444,11420,11457,11623,11718,11762,11418,11287,11286,10928,10260,9729,9354,8835,8339,7570,6565,5790,4855,4025,3600,2677,1514,620,-564,-1544,-2367,-3431,-4306,-5246,-6398,-7549,-8270,-8657,-9247,-9948,-10694,-11187,-11550,-12020,-12302,-12349,-12207,-11985,-11993,-11926,-11966,-12033,-11757,-11562,-11659,-12740,-13637,-13010,-11925,-10573,-9378,-8503,-7221,-5987,-4931,-4030,-3232,-2280,-1503,-767,-232,249,605,1106,1674,2116,2550,2812,3326,3630,3740,4113,4440,4662,4963,5091,5480,5814,5976,6795,7284,7400,7065,5470,3982,2907,2074,1978,1839,1651,2007,2630,3440,4161,4337,4550,5152,5538,5697,5788,5628,5791,5902,5862,5830,5440,5166,4952,4856,4795,4356,3853,3665,3518,3292,2935,2723,2481,2238,1799,1263,691,116,-552,-1368,-1868,-2515,-3379,-3924,-4531,-4967,-5306,-5570,-5757,-6068,-6246,-6247,-6122,-5931,-5854,-5767,-5661,-5449,-5253,-5081,-4752,-4499,-4199,-4344,-4320,-3800,-3665,-3162,-2899,-3089,-2753,-2444,-1924,-1423,-1184,-1216,-874,-138,-64,0,332,500,913,1080,1176,1601,1704,1689,1942,2053,2005,1943,2057,1942,1690,1636,1559,1300,1291,1364,972,693,862,914,918,804,643,620,556,728,567,797,1006,798,938,1029,1148,1538,1682,1665,1617,1551,1852,1947,1913,2120,1981,1838,1776,1791,1923,2029,2043,1764,1674,1718,1612,1637,1588,1243,1069,1099,885,680,629,337,126,91,-78,-302,-388,-451,-551,-637,-787,-905,-825,-762,-767,-707,-716,-799,-637,-691,-787,-771,-1015,-932,-721,-839,-1119,-1002,-869,-846,-823,-859,-688,-623,-731,-653,-541,-590,-577,-610,-466,-285,-456,-693,-579,-352,-496,-591,-417,-665,-860,-892,-1005,-1014,-1173,-1267,-1273,-1375,-1489,-1390,-1376,-1267,-1410,-1417,-1438,-1457,-1269,-1150,-1107,-1067,-1206,-1130,-953,-1056,-1085,-1011,-1179,-1254,-1354,-1437,-1373,-1357,-1510,-1197,-860,-1120,-1366,-1016,-773,-776,-547,-620,-740,-449,-409,-368,-383,-371,-244,-321,-205,-216,-279,-273,-428,-247,135,221,372,372,359,194,-58,-73,-65,122,-12,-135,-273,-293,-13,-59,-129,82,6,-435,-263,-26,14,149,169,230,299,252,395,273,203,441,513,519,389,386,410,422,417,476,459,385,410,84,111,220,102,248,79,-229,-160,-126,65,222,-46,-103,250,497,443,257,-11,-165,25,445,892,964,943,745,137,-184,-559,-439,50,596,775,785,1264,2019,2486,1879,983,3,-162,445,871,740,240,36,-18,315,455,236,193,134,19,200,17,-21,225,-94,28,253,343,430,391,403,665,637,447,632,571,633,662,490,562,619,305,637,760,375,338,169,320,161,184,159,-41,-85,-208,-156,-25,42,47,190,14,18,102,-2,180,163,-65,-247,54,-140,-507,-323,-196,-20,25,-29,-32,-52,-157,88,98,-58,-190,-285,-341,-269,-389,-513,-413,-615,-397,-537,-520,-323,-695,-629,-430,-672,-749,-656,-859,-706,-734,-611,-423,-503,-552,-388,-123,-169,-325,-310,-236,-369,-209,82,-148,-368,-130,-133,-213,17,-151,-134,-290,-322,17,-174,-307,-173,-170,-321,-123,-85,-335,-284,-159,-227,-183,-246,-442,-508,-352,-65,-102,-251,-438,-341,-80,-225,-407,-283,-86,-195,87,19,-205,-124,-18,68,53,26,-203,43,-54,-267,178,127,-18,42,-74,61,250,9,72,245,261,142,28,2,211,69,-88,323,244,198,216,150,206,194,444,509,682,797,551,829,991,930,1272,1346,1152,1375,1304,1059,1225,934,855,990,824,806,773,595,654,816,695,768,552,721,990,920,841,593,830,912,766,741,633,259,295,246,54,174,18,103,47,-96,-44,159,79,-108,-63,44,230,266,0,-255,46,37,130,141,-118,-16,-8,95,304,426,358,494,599,529,440,510,691,688,597,411,202,-105,141,56,-264,-274,-449,-601,-629,-639,-943,-744,-914,-995,-974,-1086,-970,-983,-962,-1037,-900,-725,-696,-919,-480,-598,-726,-579,-604,-578,-748,-808,-877,-812,-1054,-856,-825,-1091,-1071,-1082,-1177,-1180,-895,-1103,-1060,-1242,-1124,-979,-1054,-975,-1091,-985,-1028,-896,-974,-771,-844,-1037,-848,-1036,-848,-583,-691,-1009,-808,-806,-683,-636,-696,-724,-824,-884,-658,-487,-599,-580,-532,-414,-507,-243,-213,-482,-126,-88,-101,-147,-47,136,-22,-67,65,76,133,239,27,74,-37,147,289,198,211,64,146,20,-64,73,5,-99,-152,-127,-113,-131,-57,-28,-21,-121,-76,205,-3,-2,131,69,-8,96,241,178,82,346,406,331,399,360,384,303,342,415,506,538,502,478,308,524,869,750,758,904,701,984,983,872,899,676,826,942,948,790,828,781,951,1069,961,987,561,890,1133,828,957,930,840,762,577,785,907,661,613,507,444,506,601,475,465,360,396,639,416,643,663,590,774,737,727,848,796,952,987,931,923,859,1047,983,855,926,908,1070,1074,987,886,817,965,969,732,677,722,617,644,719,585,743,565,194,193,64,291,340,224,-2,-265,-144,66,292,144,-84,-191,83,152,-96,-110,-402,-515,-557,-650,-829,-926,-1097,-1233,-1068,-1251,-1304,-1271,-1457,-1488,-1384,-1332,-1154,-1359,-1500,-1098,-1040,-1070,-991,-1139,-966,-749,-1059,-937,-887,-1102,-575,-780,-960,-769,-811,-655,-645,-856,-844,-652,-638,-624,-560,-751,-641,-424,-462,-320,-173,-43,-107,-288,-127,60,-25,52,114,130,286,273,202,265,272,427,257,75,221,30,-50,180,151,-87,29,140,79,-18,-224,-137,-123,10,151,66,-233,-399,-193,283,206,-257,-258,-2,267,164,326,287,-42,110,193,91,30,-149,-36,118,-112,-158,37,-72,-311,-103,-36,-137,60,-94,-34,15,-42,88,205,95,119,158,131,278,431,518,425,320,488,364,277,432,403,378,550,620,501,614,454,449,644,361,330,203,-60,-17,11,151,-119,-320,-258,-157,-313,-189,-230,-387,-249,-212,-127,-191,-187,-34,215,30,6,130,227,421,361,433,431,487,480,668,598,454,565,459,458,378,479,293,263,264,13,236,239,313,117,117,122,78,42,176,333,75,210,290,244,110,151,501,562,567,469,473,336,672,764,748,694,517,707,600,471,426,511,100,113,104,-247,-411,-545,-272,-289,-556,-676,-205,-481,-748,-420,-433,-180,-382,-578,-412,-587,-391,36,-97,-188,-297,-422,-115,-3,-124,-221,-286,-399,-75,-312,-290,-23,-347,-369,-405,-461,-295,-276,-467,-315,-534,-644,-307,-381,-306,-545,-710,-298,-296,-366,53,-91,-343,-17,85,-16,84,35,-207,-83,-61,266,275,-343,-316,-234,-73,-160,-36,-116,-316,-255,-363,-392,-374,-361,-519,-442,-568,-560,-331,-687,-713,-470,-365,-519,-502,-807,-872,-437,-777,-413,-540,-854,-570,-729,-652,-676,-806,-919,-921,-1051,-1202,-1150,-1105,-1292,-1458,-1100,-849,-778,-886,-662,-475,-500,-720,-906,-964,-1015,-1076,-1359,-1570,-1600,-1211,-1549,-2043,-2169,-2055,-1995,-2854,-3625,-4767,-6663,-8958,-9967,-10860,-12913,-14943,-16772,-16543,-12956,-6044,1055,5323,8125,11191,15320,19882,23667,25651,27334,29417,31680,32764,32306,32093,30692,27204,23444,17956,10804,4069,-1703,-6346,-9698,-12434,-15505,-18513,-20770,-21337,-21407,-20711,-18789,-17040,-15240,-13269,-11649,-10134,-8572,-7389,-5959,-5231,-4966,-4450,-4264,-3933,-3612,-3210,-3063,-3052,-3762,-4325,-5130,-7191,-9108,-10281,-10479,-10271,-8844,-6835,-4869,-3385,-3185,-3109,-2719,-2148,-2226,-3840,-5736,-5864,-4092,-2786,-2767,-3790,-5258,-5500,-5172,-4342,-3027,-1501,256,2099,4323,6007,8068,10289,12677,15160,17150,18682,20027,21491,22552,23505,24150,24477,24472,24244,23732,22989,21780,20358,19436,18528,17681,16800,15675,14379,13366,12122,10797,9384,7674,6061,4056,2162,329,-1627,-4766,-7162,-9293,-11788,-13456,-14848,-15490,-16196,-16476,-16700,-16556,-16411,-16298,-15535,-14686,-13679,-13013,-11999,-10774,-9515,-8564,-7384,-6497,-6494,-5760,-4815,-3853,-3191,-2500,-2252,-2159,-1960,-1713,-778,174,566,273,487,717,369,59,-368,-857,-1068,-1043,-1131,-1310,-1758,-1516,-1379,-1700,-1489,-1841,-1963,-1886,-1985,-1746,-1703,-1852,-1656,-1036,-983,-955,-509,-203,115,213,571,970,1140,1421,1747,1936,1970,2330,2599,2715,2672,2566,2422,2008,1199,142,-431,-273,-119,-232,-170,-163,172,446,484,491,181,454,739,843,839,628,212,-408,-1087,-1396,-692,212,1364,1539,451,-150,-446,-650,-463,-43,-57,296,641,656,674,284,323,175,-125,-469,-546,-385,-332,-229,-125,29,3,152,234,147,51,173,434,324,328,752,958,1021,1222,1409,1517,1462,1472,1872,1986,1795,2158,2251,2285,2326,2152,2252,2078,1675,1551,1455,1202,1408,1451,1240,785,-124,-760,-1404,-2029,-2272,-1609,-1187,-698,-414,-733,-140,-53,-57,-193,-530,-664,-791,-750,-973,-932,-1024,-964,-1310,-1410,-1298,-1564,-1749,-1744,-1702,-2016,-1686,-1528,-1563,-1183,-1099,-646,-96,354,1362,1094,293,-426,-1855,-2809,-2996,-2497,-1503,-1055,-819,-429,-336,-449,-514,-437,-796,-1131,-1169,-1296,-896,-777,-743,-440,-486,-398,103,285,-15,-78,-315,-94,20,-322,-389,-121,-115,-289,21,-46,-170,-217,-354,-252,-215,-290,-273,-75,-239,-366,-197,-75,8,-232,-253,-189,-11,161,-91,-166,26,172,327,403,343,236,421,678,634,374,216,466,798,595,471,647,555,668,614,491,554,519,298,107,197,117,225,124,243,934,1230,1085,644,-37,-729,-1061,-1152,-938,-732,81,880,1356,1937,1797,1508,893,85,-742,-1064,-1239,-1268,-650,-388,91,507,636,1004,978,758,583,486,488,527,346,273,619,730,837,827,688,498,220,405,429,375,376,570,768,739,657,480,849,834,644,526,393,359,96,353,243,118,141,524,692,548,482,565,638,331,435,536,382,181,210,350,397,380,397,468,385,58,219,478,-52,-163,144,14,-198,-293,15,173,-241,-92,0,91,75,257,271,83,66,122,273,74,-84,-293,-556,-673,-582,-768,-785,-804,-656,-394,-422,-304,-396,-544,-558,-649,-587,-788,-937,-770,-897,-720,-513,-418,-483,-424,-28,-100,-138,-71,90,287,364,320,288,415,441,789,917,728,693,716,711,888,994,761,880,546,354,889,930,1053,733,475,672,623,673,773,740,573,521,562,668,781,707,559,517,594,575,716,586,457,698,795,650,410,421,486,571,829,587,333,416,460,448,531,363,192,109,96,-60,-15,-28,-159,-3,-326,-57,310,379,496,278,276,-106,-184,-318,-488,-1158,-1847,-2162,-2521,-2270,-2153,-2382,-2251,-1819,-1487,-1112,-961,-646,-19,171,307,665,500,818,1167,1275,1488,1467,1709,1754,1454,1734,2149,1895,1974,2197,2130,1862,1750,1375,499,-446,-1152,-1856,-2800,-3132,-3572,-4009,-3550,-3526,-3549,-2933,-2415,-1751,-1432,-1138,-580,-527,-304,161,451,552,545,798,1105,1137,1047,1287,971,503,542,362,85,50,-62,101,-20,-304,84,-102,-492,-50,362,-5,-396,-365,-342,-439,-506,-338,-538,-944,-831,-1067,-1071,-1131,-1207,-1160,-1131,-851,-765,-626,-523,-305,-401,-231,-92,-154,-161,-207,27,13,-58,-268,-274,-97,-258,-490,-641,-465,-467,-822,-807,-658,-459,-394,-41,98,193,352,438,625,789,1072,942,1171,1330,1290,1329,1379,1159,1191,1181,1042,894,523,510,420,313,76,15,-307,-391,-247,-411,-592,-545,-273,-303,-460,-231,18,-21,275,378,425,405,469,733,618,663,747,423,516,735,455,324,360,256,317,439,362,85,77,412,558,369,138,533,484,380,721,580,493,564,662,678,478,610,733,336,365,286,200,22,42,59,-286,-128,-210,-156,-268,-570,-561,-373,-276,-440,-691,-618,-601,-589,-602,-721,-615,-647,-522,-685,-826,-518,-518,-606,-522,-327,-590,-374,-118,-291,-301,-69,165,54,20,265,259,103,168,95,101,209,81,-31,-222,-140,29,-175,-334,-247,-130,-342,-404,-295,-385,-320,-22,-294,-240,-92,-121,-6,-144,-28,69,-114,74,48,-93,89,-121,62,263,-24,2,199,325,203,145,67,63,145,99,122,146,61,101,-14,-109,4,-49,1,-43,-171,-361,-453,-6,17,-415,-367,-60,-211,-323,-246,-142,-126,-264,53,154,-30,117,184,290,177,182,341,315,238,528,487,396,370,412,562,341,180,354,351,317,117,291,379,68,315,423,289,430,596,561,484,694,757,479,465,593,651,507,519,717,508,566,757,728,745,737,882,976,918,856,805,531,521,757,516,235,492,642,699,695,587,515,494,557,595,595,493,371,443,445,342,285,664,485,169,203,145,242,159,493,492,145,309,330,296,258,188,394,355,-35,111,185,225,120,-6,202,26,89,313,96,320,319,70,237,191,188,274,288,167,250,294,53,174,556,357,142,191,43,-270,-129,698,309,-586,-243,-51,-370,-594,-724,-383,-135,-90,-395,-547,-144,-286,-407,-312,-319,-201,-249,-537,-585,-470,-325,-142,-155,-95,-70,66,243,1,-89,-65,-73,-53,-369,-296,55,50,-45,403,466,-180,-982,-1557,-1601,-1217,-379,38,-17,371,707,641,213,155,325,-254,-1085,-1221,-1125,-843,-571,-862,-954,-646,-569,-523,-500,-265,-124,-63,-172,-148,-225,-200,-96,-105,131,211,325,408,384,452,497,338,276,429,476,478,411,247,221,464,415,281,362,114,181,104,-10,251,-175,-150,136,-310,-485,-430,-343,-330,-445,-682,-862,-783,-563,-589,-876,-782,-743,-991,-833,-703,-839,-662,-473,-767,-597,-322,66,579,679,419,287,179,52,-40,-271,-523,-723,-918,-1003,-1109,-1208,-1179,-1201,-1340,-1164,-1075,-700,-563,-885,-756,-365,-115,42,209,325,612,735,625,837,866,785,1034,1036,727,725,766,664,876,831,471,627,713,506,437,371,252,331,335,177,0,23,213,96,-246,-147,-71,-143,-131,-165,-146,-81,-133,-181,-136,65,3,-169,-116,52,20,-229,-96,-121,-150,75,-92,-327,-327,-257,-245,-291,-330,-314,-251,-130,-308,-254,74,107,269,189,477,706,379,524,611,418,550,379,335,168,21,346,8,-93,431,139,-78,231,223,216,90,295,249,180,450,304,140,236,272,215,25,196,398,272,307,268,90,190,201,188,401,141,93,421,546,542,270,340,264,258,382,228,295,484,206,107,18,-40,330,-9,76,162,-314,-256,-107,20,-15,-237,-53,72,285,382,332,647,645,446,57,-261,-180,-62,310,250,-34,-76,-131,337,376,24,-38,86,110,-199,61,485,197,92,266,3,279,307,236,335,28,295,470,309,279,228,299,256,235,191,75,269,259,137,291,303,58,-23,552,828,351,514,987,799,824,881,696,728,782,849,292,119,585,239,-42,340,142,-11,169,110,-92,-161,-52,-104,-103,85,-106,-70,-140,-77,100,-43,-17,227,271,101,248,120,121,281,339,250,181,277,362,341,278,299,293,150,116,-97,-157,-48,-98,-198,-277,-410,-454,-451,-508,-505,-523,-675,-577,-467,-493,-621,-466,-302,-327,-363,-450,-526,-339,-414,-548,-519,-374,-353,-263,-283,-306,-194,-125,-187,-232,-101,-265,-302,-309,-619,-605,-422,-603,-502,-420,-671,-606,-320,-236,-390,-421,-39,-127,-298,80,40,17,80,318,271,40,308,411,178,111,233,382,229,49,151,311,332,325,249,254,306,576,716,571,777,725,632,727,772,861,800,728,730,725,649,760,710,636,592,651,545,520,659,679,601,463,738,708,549,544,378,649,641,396,503,309,-26,257,451,154,34,247,-49,38,369,-166,-191,208,45,-435,-509,-19,79,-343,-326,-69,-342,-624,-249,-343,-604,-340,-392,-531,-614,-653,-575,-479,-267,-517,-986,-376,-280,-616,-258,-336,-582,-538,-349,-231,-515,-342,-64,-431,-399,-246,-460,-741,-436,-142,-490,-446,-400,-607,-567,-300,-619,-719,-362,-666,-882,-644,-396,-615,-884,-900,-746,-678,-878,-937,-727,-733,-927,-753,-638,-618,-207,-425,-636,-535,-672,-567,-308,-315,-615,-732,-774,-513,-400,-657,-522,-619,-850,-439,-264,-402,-328,-234,-81,9,102,365,319,302,423,534,680,750,573,754,1028,1088,1308,1239,1469,1605,1515,1555,1701,2018,2137,1782,1799,2260,2206,2104,2087,2183,2542,2230,1976,2160,2456,2403,2107,2171,2314,2051,1905,1976,1710,1617,1580,1536,1507,1411,1272,1483,1144,828,920,799,700,824,817,472,553,822,690,354,461,924,986,828,530,166,252,509,575,524,533,445,146,-96,26,188,8,-141,-329,-278,66,108,273,524,392,-451,-456,-450,-2485,-2577,-364,-563,-2193,-3621,-5122,-6608,-7765,-8423,-8861,-9447,-9511,-8987,-8861,-8506,-7847,-8020,-8003,-7510,-7211,-6485,-5634,-4873,-4424,-3909,-2774,-1999,-1485,-956,-911,-873,-22,529,500,813,1298,1552,2073,2992,3302,3813,4905,6021,6661,6869,7788,8401,8653,9160,9854,10475,10392,10394,10570,10319,10480,10872,10951,10607,9931,9388,8987,8670,8372,7882,7589,7603,7616,7479,7114,7276,7437,7166,6126,4773,3810,3509,3513,3209,2188,1207,400,-605,-1833,-3104,-4266,-4674,-4798,-5896,-7364,-8399,-8729,-8631,-9392,-10281,-10311,-10370,-11465,-13343,-13418,-12397,-12127,-12346,-12821,-12882,-12115,-11458,-10701,-9911,-9306,-8500,-7479,-6038,-4743,-3695,-2554,-1681,-1245,-1022,-867,-446,-314,-27,-121,-885,-1300,-1359,-1045,-240,416,769,1332,2006,2814,3612,3613,3232,3096,3159,3186,2835,2505,2080,1250,841,702,381,-170,-495,-325,-523,-625,-313,182,642,757,966,1753,2032,2239,2511,3046,3716,3987,4367,4928,5462,5901,6056,6384,6639,6664,6952,6957,6709,6570,6301,6089,5868,5408,5036,4546,3886,3541,3084,2479,1824,1117,579,-50,-776,-1769,-2315,-2815,-3676,-4365,-4894,-5297,-5595,-6002,-6229,-6280,-6194,-6166,-6196,-5755,-5456,-5042,-4415,-4031,-3627,-3048,-2297,-1775,-1235,-595,-298,395,1130,1482,1643,1815,2081,2349,2241,2138,2252,2207,1982,1881,1728,1515,1574,1516,1300,1218,1168,1137,1285,1064,1027,1191,957,978,1022,669,863,826,552,657,662,238,131,50,-96,-302,-592,-589,-789,-904,-1030,-1328,-1190,-985,-1145,-1041,-1029,-760,-502,-641,-276,-82,5,495,546,727,1123,1326,1457,1640,1853,1749,1737,2052,1979,1691,1838,2078,1815,1643,1749,1657,1575,1492,1248,1087,972,777,552,416,213,154,114,-209,-196,-189,-381,-430,-343,-361,-521,-403,-369,-489,-494,-679,-688,-585,-633,-731,-879,-1048,-1033,-1048,-1297,-1469,-1465,-1437,-1592,-1722,-1844,-1823,-1676,-1907,-1903,-1847,-2033,-1770,-1926,-2082,-1907,-1944,-1839,-1854,-1931,-1898,-1884,-1644,-1396,-1451,-1561,-1650,-1301,-1192,-1165,-1077,-1271,-1207,-1192,-1162,-1196,-1243,-982,-1143,-1422,-1307,-1349,-1218,-999,-1042,-1117,-939,-811,-870,-851,-606,-754,-754,-551,-469,-431,-257,-321,-356,-91,-2,-30,-49,-22,151,123,-89,32,46,23,166,15,53,234,230,268,215,327,480,409,530,555,604,616,671,622,653,898,759,737,910,759,793,829,932,917,818,1044,1053,934,1157,1104,1003,1166,1404,1320,1228,1386,1399,1435,1597,1670,1618,1513,1437,1578,1428,1440,1471,1266,1185,1173,1236,1022,970,914,690,966,855,664,818,543,515,622,497,399,257,239,370,242,124,209,257,167,234,246,177,295,295,204,275,283,163,167,65,171,225,208,128,82,31,40,134,29,41,174,105,144,134,199,247,122,492,499,287,425,465,370,365,190,143,77,-247,-176,-207,-471,-436,-499,-467,-521,-610,-528,-426,-296,-561,-719,-698,-572,-606,-644,-699,-691,-578,-559,-345,-341,-328,-198,-195,-103,-159,-154,-62,-214,-113,-305,-384,51,-79,-158,58,10,165,220,87,134,55,55,143,8,-37,27,-27,-59,-30,34,171,49,54,254,237,299,379,262,497,394,294,402,372,408,379,465,179,126,350,285,41,-1,121,64,-72,-104,-152,-76,-106,-139,-204,-135,62,16,20,176,157,203,182,-1,176,33,-195,-18,-260,-418,-308,-399,-497,-641,-659,-505,-584,-701,-883,-786,-495,-532,-678,-584,-456,-441,-496,-440,-512,-381,-244,-151,-423,-472,-12,25,-24,-158,-246,-171,-126,-38,-107,-219,-247,-198,-378,-337,-454,-608,-412,-544,-599,-623,-771,-619,-731,-808,-706,-886,-793,-632,-764,-744,-683,-568,-412,-440,-511,-433,-182,-116,19,82,92,328,482,599,572,673,871,955,1179,1334,1442,1694,2074,2035,2219,3076,3811,3824,3164,1388,-458,-1944,-3448,-4140,-3980,-3193,-2003,-1060,-277,303,292,88,-444,-1028,-1451,-1893,-2660,-4316,-6039,-6040,-4539,-2945,-2160,-1649,-507,1301,2648,3051,3570,4148,4833,5508,5584,5593,5611,5542,5502,5047,4393,3864,3228,2674,2108,1658,935,614,446,-124,-166,-247,-498,-492,-551,-615,-672,-670,-447,-621,-587,-438,-372,-56,-101,-131,-65,-60,220,192,118,213,126,83,175,203,-11,-272,-356,-314,-683,-953,-968,-1148,-1391,-1457,-1425,-1581,-1544,-1538,-1526,-1520,-1390,-1417,-1477,-1445,-1489,-1440,-1389,-1415,-1513,-1527,-1488,-1475,-1434,-1394,-1582,-1395,-1183,-1354,-1194,-1046,-922,-727,-716,-503,-501,-680,-386,-195,-308,-414,-365,-213,-352,-509,-383,-384,-409,-259,-190,-277,-247,-153,-63,58,143,119,237,343,371,522,535,570,603,651,709,765,689,796,899,782,893,988,951,1016,1000,880,1023,780,795,903,782,1031,822,685,832,659,664,836,581,551,556,659,654,501,495,566,504,416,450,448,411,343,364,353,172,96,381,306,394,613,627,824,1016,1503,1551,777,-439,-2667,-4714,-5666,-6061,-5918,-5632,-5279,-4265,-2897,-1678,-766,-88,582,1269,1954,2086,2438,2733,2731,2980,3136,2987,2828,2827,2458,2083,1836,1498,1152,1038,725,287,186,4,38,11,-264,-320,-486,-440,-404,-485,-520,-617,-494,-473,-516,-437,-472,-342,-178,-154,-119,77,49,116,211,178,370,423,256,257,327,182,223,75,-96,55,49,-155,-52,43,5,-16,-59,-78,-92,-97,-59,-255,-197,-91,-117,-173,-222,-156,-96,-75,-109,-107,-106,-145,-63,-19,-61,3,58,-81,6,140,4,97,135,30,100,53,5,-125,-61,27,-14,46,-48,143,243,172,265,189,274,469,362,342,292,266,419,386,294,356,430,353,398,493,441,425,441,259,313,409,66,177,338,80,227,215,108,244,163,184,245,244,285,210,288,338,365,369,408,409,441,434,402,469,344,500,535,439,423,299,251,242,242,156,-75,57,6,-165,-124,-255,-227,-26,-228,-404,-359,-312,-193,-294,-301,-271,-404,-249,-328,-525,-358,-330,-334,-222,-224,-361,-288,69,219,62,98,259,332,384,396,295,104,108,136,66,-120,-238,-233,-333,-163,-195,-398,-279,-273,-282,-138,-259,-172,-70,-210,-80,16,-29,45,3,3,-81,43,38,-47,13,-20,-65,-83,-74,-100,-15,58,-120,-81,34,-37,5,-30,-155,-62,-32,-43,79,-187,-266,-87,-208,-118,-210,-234,-128,-46,74,86,-6,0,189,118,77,22,-161,-58,-87,-248,-270,-395,-534,-370,-506,-726,-531,-566,-524,-399,-519,-489,-233,-87,-58,20,113,305,323,322,440,421,382,415,340,252,166,-199,-710,-1129,-1464,-1440,-1095,-737,-220,258,222,344,387,259,111,66,33,-155,-194,-223,-261,-139,-330,-241,-10,-280,-126,140,-27,-134,-11,-21,67,103,-106,25,146,-38,-38,-29,-51,55,-20,-83,-137,-125,31,112,72,73,215,285,272,322,119,140,306,270,264,330,386,492,462,441,495,389,220,211,-14,-106,-94,-156,-94,-309,-659,-888,-1006,-1321,-1691,-1933,-2138,-1894,-1485,-1058,-696,-332,48,402,717,811,826,879,1036,995,905,849,767,854,796,594,623,562,351,373,339,233,9,-251,-617,-1278,-1800,-2021,-2220,-2311,-2493,-2575,-2702,-2834,-2790,-2961,-3535,-3785,-4074,-4844,-5586,-6739,-8095,-9225,-10771,-13356,-16081,-17865,-18703,-17753,-12889,-4706,2593,5992,7569,10470,15285,19984,22675,23690,24455,26203,29072,31820,32763,32169,31054,28068,24272,20260,14783,8553,2723,-2372,-6140,-9191,-12177,-14967,-17625,-19456,-20262,-20222,-19314,-17948,-16539,-15223,-13953,-12519,-11376,-10323,-9027,-8110,-7400,-6885,-6872,-7072,-7282,-7558,-8007,-8229,-8348,-8158,-7224,-6129,-4620,-2996,-2359,-3392,-5557,-6784,-6161,-4938,-4104,-4111,-4703,-5621,-6377,-6624,-6060,-4606,-3044,-1713,-895,-644,-514,69,1587,4283,7382,10106,12386,14294,16171,18011,19692,20664,21271,21902,22120,22277,22362,22294,22170,21705,21014,20297,19322,18443,17296,15901,14537,12995,11579,10096,8550,6985,5289,3984,2663,1108,-322,-1880,-3164,-4122,-5268,-6239,-7216,-8107,-8515,-8989,-9527,-10031,-10350,-10603,-10684,-10729,-10841,-10796,-10850,-10747,-10305,-9934,-9508,-9166,-8695,-8195,-7645,-7042,-6475,-5708,-5188,-4478,-3757,-3430,-2754,-2230,-1766,-1371,-1181,-837,-649,-556,-554,-721,-327,-93,-230,-83,-139,-60,116,105,159,22,62,79,32,5,-229,-217,-191,-276,-246,-307,-371,-418,-550,-622,-690,-734,-781,-760,-700,-692,-643,-546,-376,-141,-57,-11,240,333,523,837,670,683,991,1174,1338,1283,1022,1183,1408,1276,1172,886,764,1108,994,749,664,404,714,814,357,481,547,417,514,420,260,264,312,421,339,320,331,230,270,118,174,331,210,257,245,160,279,382,258,223,291,194,392,454,263,305,319,71,132,239,130,31,-146,-41,123,-94,-226,-273,-345,-267,-344,-577,-578,-602,-539,-695,-745,-710,-873,-717,-735,-803,-781,-678,-542,-636,-649,-540,-437,-414,-448,-482,-504,-445,-492,-546,-544,-510,-449,-497,-679,-756,-506,-430,-493,-505,-606,-452,-285,-354,-488,-442,-254,-302,-370,-426,-266,-198,-395,-145,-195,-226,134,66,26,208,118,196,174,58,35,-30,174,133,-113,-21,-152,-85,-59,-101,-111,-243,-234,-240,-178,-252,-359,-300,-340,-233,-296,-431,-190,-255,-358,-374,-367,-155,-317,-343,-271,-398,-136,-102,-187,-66,-234,-249,-323,-340,-225,-470,-478,-396,-564,-666,-664,-595,-623,-666,-577,-693,-579,-529,-776,-571,-520,-536,-371,-424,-587,-456,-238,-200,-165,30,-23,6,273,84,44,230,273,302,352,320,195,286,418,430,425,349,381,490,462,489,467,585,564,387,532,456,464,504,477,548,538,508,626,599,566,573,461,456,500,395,377,536,526,339,417,424,533,688,507,495,396,424,487,251,230,371,376,266,134,109,63,50,31,-79,-112,-191,-303,-407,-440,-409,-434,-511,-581,-521,-548,-535,-577,-665,-570,-546,-614,-409,-392,-470,-242,-129,153,385,503,609,594,792,750,753,776,454,424,509,106,34,-13,-218,-277,-374,-344,-362,-266,-169,-195,-17,-24,0,244,91,176,245,288,350,299,382,420,571,799,626,744,803,697,1038,952,752,839,664,644,738,524,310,176,148,99,-30,-126,-175,-323,-440,-482,-446,-538,-630,-613,-613,-633,-524,-573,-660,-547,-690,-747,-580,-698,-809,-830,-900,-1095,-1054,-1119,-1294,-1219,-1225,-1249,-1235,-1306,-1337,-1406,-1364,-1315,-1386,-1187,-1111,-1226,-1358,-1242,-1025,-1117,-1126,-1121,-899,-692,-895,-679,-495,-486,-186,-13,90,185,390,646,747,1104,1177,1263,1470,1529,1580,1589,1730,1841,1831,1705,1738,1902,1915,1975,1981,1859,1830,1884,2066,1879,1729,1834,1743,1609,1617,1613,1469,1454,1459,1275,1356,1276,1123,1043,991,914,684,834,815,561,499,307,234,137,-123,-193,-214,-265,-335,-391,-405,-400,-419,-541,-509,-448,-614,-617,-485,-645,-707,-564,-597,-600,-630,-616,-727,-781,-629,-671,-808,-913,-663,-660,-888,-923,-756,-671,-689,-681,-694,-661,-632,-571,-481,-428,-435,-217,-115,-256,-247,-78,-29,-5,178,142,15,157,29,-92,-10,-199,-313,-311,-561,-674,-549,-612,-740,-794,-770,-870,-730,-691,-692,-687,-659,-576,-724,-705,-639,-671,-495,-607,-630,-448,-529,-493,-540,-491,-379,-665,-630,-628,-696,-624,-738,-771,-706,-699,-825,-910,-740,-766,-841,-757,-839,-706,-521,-522,-563,-529,-312,-335,-320,-275,-247,-135,-140,-131,-204,-123,46,9,-105,-3,50,57,125,13,-96,13,26,52,149,39,-12,200,142,33,203,311,270,184,189,258,264,268,304,323,243,215,399,363,219,295,323,529,528,553,662,475,703,771,612,757,663,720,900,626,628,691,654,623,575,536,519,604,638,525,551,620,640,574,556,556,506,591,638,445,507,550,603,691,641,559,746,712,709,891,714,730,875,772,692,628,599,553,443,339,243,254,247,127,200,157,7,172,195,84,63,137,71,13,65,-96,-117,-26,-28,-90,-164,-173,-159,-140,-165,-203,-238,-300,-285,-357,-288,-302,-278,-213,-315,-276,-344,-231,-114,-230,-141,-201,-123,4,-74,69,-14,31,111,-75,-102,-262,-195,-239,-555,-462,-583,-744,-647,-851,-820,-810,-753,-784,-817,-766,-782,-635,-521,-455,-478,-467,-320,-361,-435,-470,-422,-342,-495,-465,-507,-585,-455,-548,-570,-511,-735,-495,-395,-560,-442,-536,-578,-362,-509,-471,-484,-459,-363,-310,-329,-392,-241,-177,-246,-161,-191,-252,-72,-126,-175,-141,-85,-91,-150,-125,-52,74,52,6,128,186,184,155,238,232,224,258,182,262,228,212,325,248,394,457,362,449,258,100,191,41,48,104,48,135,101,119,197,208,239,281,332,339,323,212,326,362,202,138,-14,67,-25,-259,-275,-293,-400,-349,-443,-458,-375,-404,-413,-382,-429,-503,-434,-261,-222,-239,-284,-235,-91,-181,-137,-175,-117,62,-93,-137,-31,-26,-23,-58,-100,-91,-210,-250,-158,-289,-449,-426,-298,-411,-494,-367,-399,-270,-313,-441,-307,-331,-322,-258,-227,-155,-208,-163,-113,-54,-15,-18,45,8,108,146,47,272,310,266,385,482,606,566,698,777,553,682,835,694,689,829,661,497,542,480,400,391,335,295,356,225,261,367,428,326,273,410,492,492,462,452,575,546,431,449,493,466,438,363,185,110,130,97,58,-50,-246,-142,-55,-191,-216,-182,-217,-38,-138,-331,-53,-66,-99,-80,-197,-70,7,-80,-113,-214,-118,-111,-202,-53,-97,-250,-48,-116,-373,-153,-163,-318,-172,-265,-287,-84,-228,-331,-266,-310,-361,-349,-324,-344,-381,-467,-334,-358,-471,-496,-528,-422,-427,-414,-353,-441,-342,-251,-294,-383,-288,-236,-276,-160,-182,-186,-57,-65,18,-8,-113,-10,-40,94,-7,-60,229,163,200,334,217,265,478,338,213,273,356,383,358,324,363,281,257,373,106,3,188,162,163,154,147,456,448,440,571,597,691,704,638,433,355,301,58,28,5,-252,-263,-238,-564,-426,-388,-583,-537,-608,-560,-468,-421,-421,-374,-253,-259,-247,-121,-82,-57,-48,51,19,-13,72,-42,-56,-34,31,-84,-207,-148,-166,-314,-338,-358,-409,-372,-483,-463,-408,-586,-380,-369,-424,-400,-352,-324,-457,-330,-367,-477,-273,-311,-472,-349,-266,-242,-326,-337,-260,-402,-295,-69,-337,-305,-107,-134,-6,-63,-56,121,151,98,53,13,146,186,42,-34,101,153,164,216,297,204,278,183,163,254,99,253,278,190,171,26,217,254,-8,128,93,88,125,0,49,66,13,89,40,-38,193,264,296,412,536,575,578,772,704,805,966,774,854,762,511,567,498,294,185,45,-26,-61,-272,-150,-174,-519,-256,-239,-470,-340,-401,-471,-309,-318,-435,-357,-154,-148,-136,-175,-80,112,-86,-26,141,-13,58,153,89,52,36,52,-14,-111,-216,-276,-220,-226,-399,-541,-406,-303,-429,-544,-488,-478,-499,-409,-414,-393,-423,-503,-456,-407,-398,-502,-518,-438,-441,-404,-289,-299,-299,-242,-369,-366,-236,-199,-147,-97,-164,-178,-87,-3,21,17,94,147,121,117,272,245,235,343,320,355,493,423,363,295,305,224,231,208,175,208,209,113,40,-18,-70,102,50,-101,-42,-57,-9,66,-1,-62,143,86,11,57,-22,88,-29,-55,101,-41,-104,-46,-84,-99,-219,-330,-173,-133,-203,-243,-221,-86,-179,-241,-191,-268,-154,-219,-392,-373,-444,-424,-258,-88,-6,16,88,57,232,103,-11,271,77,37,-93,-267,-115,-135,-65,-97,-430,-604,-616,-410,34,295,444,452,479,578,586,512,383,410,215,14,94,-185,-368,-509,-688,-704,-850,-939,-902,-892,-785,-665,-637,-599,-435,-351,-217,-337,-231,-88,25,7,-193,-73,-2,49,77,106,230,105,270,297,143,336,180,142,293,122,-36,-46,84,72,-1,5,-116,-24,12,-104,-127,-61,69,40,9,25,-124,55,149,84,119,106,189,185,68,107,267,294,130,82,211,141,151,195,146,130,141,185,172,146,38,-52,106,13,-188,-83,-154,-254,-118,-164,-141,-16,86,121,187,353,389,610,754,608,725,820,887,896,907,1025,1060,1110,1111,1134,1089,964,1066,896,677,641,525,550,243,141,267,-4,14,-89,-180,-171,-370,-342,-440,-559,-577,-713,-785,-777,-815,-906,-968,-894,-957,-1024,-924,-969,-933,-756,-817,-753,-660,-708,-594,-449,-603,-563,-360,-403,-555,-501,-576,-675,-463,-582,-775,-541,-574,-675,-558,-674,-710,-647,-652,-520,-523,-560,-452,-422,-408,-476,-422,-247,-355,-277,-179,-218,-73,-42,-154,-101,50,108,91,68,54,8,119,85,98,62,74,196,163,165,98,83,286,261,162,236,339,331,297,409,332,314,339,254,255,210,190,221,113,142,25,-42,155,32,29,16,-194,-91,-105,-169,-218,-290,-120,-241,-304,-281,-369,-192,-300,-388,-346,-428,-247,-297,-354,-290,-340,-131,-81,-159,-75,-77,31,88,-54,117,73,7,137,173,76,36,115,41,-18,15,85,1,-8,89,60,113,189,171,155,175,184,264,323,219,383,399,437,546,649,764,825,962,1055,961,963,1014,1015,1098,918,803,759,551,473,372,99,-102,-42,-141,-275,-240,-337,-320,-152,-191,-307,-311,-188,-156,-123,-141,-232,-149,-129,-203,-143,57,54,-64,87,104,159,326,159,173,211,74,205,105,69,-37,-242,-164,-330,-466,-431,-541,-541,-534,-553,-573,-572,-550,-475,-455,-514,-541,-432,-412,-429,-348,-456,-350,-305,-433,-331,-277,-208,-106,-161,-191,-158,-86,62,-2,-125,-47,28,103,6,-144,-25,-87,-91,-108,-245,-283,-92,-239,-326,-186,-303,-274,-187,-238,-337,-335,-299,-343,-403,-452,-517,-352,-404,-476,-270,-286,-347,-194,-125,-140,-150,-23,7,30,76,-34,28,84,-176,-85,-54,-102,138,7,-98,33,27,61,193,148,20,131,178,96,60,40,101,50,27,-25,-32,125,89,7,67,-17,55,97,15,3,-171,-81,-116,-251,-240,-251,-215,-239,-211,-245,-304,-192,-81,-120,-89,22,92,91,29,150,336,252,220,325,296,98,237,164,21,103,121,-7,39,35,-135,141,108,-108,-81,-52,-58,-93,-106,-70,-82,-173,-175,-136,-230,-176,-109,-55,-108,-197,-76,-75,-17,58,10,47,-38,54,33,-106,-130,-85,-89,-137,-154,-144,-125,-49,-53,-87,-104,36,-20,62,193,43,124,314,194,317,430,379,538,622,478,594,648,590,493,394,553,350,230,297,145,11,-1,-29,-39,-159,-166,-204,-231,-128,-144,-166,-182,-70,-33,-36,-34,31,53,103,75,80,208,198,369,419,249,259,370,375,169,116,98,-95,17,-95,-316,-168,-307,-369,-459,-515,-489,-535,-428,-515,-496,-498,-352,-273,-380,-359,-327,-282,-362,-382,-412,-553,-397,-373,-437,-212,-346,-367,-187,-392,-397,-289,-373,-400,-360,-439,-572,-462,-453,-409,-464,-604,-439,-489,-623,-563,-535,-568,-522,-606,-498,-419,-448,-371,-357,-261,-313,-220,-59,-42,-28,-2,31,-49,-37,-12,-2,62,-71,124,89,-107,145,87,63,158,-75,5,82,78,148,-38,134,245,140,326,282,236,335,307,294,264,440,517,444,687,705,645,796,890,847,810,880,771,702,759,596,576,598,495,405,362,342,331,345,105,141,378,124,150,107,-43,67,-12,-46,-18,2,-49,-124,-69,-226,-130,32,-61,-22,32,-66,25,78,15,150,360,362,446,615,486,491,570,551,421,247,23,-245,-460,-832,-1097,-1168,-1358,-1416,-1388,-1520,-1527,-1582,-1563,-1571,-1756,-1725,-1785,-1827,-1812,-1899,-1901,-1776,-1705,-1568,-1683,-1602,-1211,-1069,-996,-889,-687,-414,-278,-121,77,134,312,380,391,453,512,614,506,507,575,406,461,639,619,639,624,800,855,727,773,768,862,938,953,859,741,809,734,610,464,423,370,380,348,144,127,205,166,184,167,139,266,280,249,195,184,230,158,26,12,-30,-29,-73,-88,-86,-219,-76,-260,-339,-209,-452,-372,-131,189,1087,1925,2339,1946,452,-1128,-2261,-2860,-2866,-2629,-1869,-1221,-1144,-785,-233,71,255,278,308,445,701,785,977,1112,1074,1253,1389,1238,1308,1336,1066,1056,1066,981,975,967,1080,1184,1204,1224,1240,1227,965,981,976,634,535,613,456,359,277,258,249,13,-39,-59,-290,-278,-363,-613,-598,-611,-635,-547,-548,-625,-553,-372,-329,-494,-428,-449,-455,-424,-404,-421,-316,-309,-337,-257,-286,-394,-290,-370,-588,-505,-397,-594,-615,-474,-447,-501,-447,-273,-220,-172,-211,-93,-92,-62,89,-23,69,210,113,30,120,131,70,117,75,30,121,142,112,196,44,58,200,103,33,89,134,204,188,69,133,90,97,61,-90,-117,-19,-132,-193,-175,-280,-216,-329,-331,-376,-501,-337,-491,-414,-437,-628,-426,-458,-438,-387,-441,-284,-325,-361,-244,-184,-166,-25,161,109,75,258,286,248,252,172,181,159,207,130,-35,200,149,-16,54,54,118,65,12,108,29,85,150,292,397,295,475,488,484,483,333,507,483,351,420,293,359,454,158,134,206,31,27,87,-56,-99,54,-61,-43,191,60,169,343,222,266,340,285,364,316,207,234,308,267,204,225,132,24,11,-59,-33,-157,-192,31,-245,-285,-210,-282,-199,-202,-253,-220,-73,178,173,120,185,277,277,147,143,186,147,140,5,40,135,242,120,-161,-270,-524,-502,-212,-149,-112,422,1915,3744,4652,3766,1465,-1453,-4240,-6068,-6575,-5841,-4801,-4120,-3485,-2964,-2271,-1633,-1611,-1878,-1983,-1611,-1122,-777,-452,63,459,861,1314,1411,1433,1440,1312,1253,1150,995,876,898,920,799,628,469,406,289,-143,-595,-838,-1148,-1463,-1749,-1975,-2245,-2294,-2398,-2572,-2739,-2819,-2867,-2975,-3007,-3245,-3245,-2916,-2983,-2936,-2562,-2476,-2270,-1973,-1786,-1619,-1557,-1274,-1217,-1227,-1144,-1168,-1005,-814,-932,-893,-790,-856,-649,-690,-779,-660,-516,-548,-438,-293,-320,-74,210,274,527,684,955,1278,1467,1535,1647,2022,2261,2269,2379,2441,2649,2758,2708,2852,2883,2797,2933,2980,2869,2926,3049,3040,2940,2998,3061,3022,3050,3012,2949,2877,2877,2813,2829,2796,2640,2643,2590,2473,2409,2481,2257,2089,2111,1916,1871,1877,1719,1763,1691,1725,1756,1657,1613,1362,1174,1203,1073,1051,1125,1036,756,673,652,538,569,611,456,405,300,443,654,518,301,-99,-265,95,288,227,-40,-482,-540,-192,158,-47,-665,-1059,-1447,-1950,-2578,-3629,-5045,-6727,-8263,-9518,-10344,-10904,-11340,-11345,-11205,-11367,-10994,-10225,-9723,-9069,-8697,-8424,-7947,-7621,-7043,-6078,-5184,-4311,-3733,-3076,-2564,-2297,-1862,-1547,-1248,-572,25,474,1091,1677,2390,3258,3846,4614,5494,6313,7095,7781,8477,9019,9709,10296,10786,11460,11753,12050,12381,12429,12757,13066,12986,12838,12472,12139,12006,11888,11907,11841,11888,12086,11868,11658,11247,10678,10651,10434,9329,7786,6537,5837,5453,4903,3596,1932,799,82,-550,-1542,-3404,-5402,-6346,-6761,-7624,-9148,-10619,-11491,-11963,-12691,-13638,-14040,-14657,-16049,-17410,-18083,-17961,-16862,-15759,-15287,-15310,-15210,-14342,-12703,-10982,-9425,-8122,-6956,-5675,-4170,-2623,-1214,-154,379,798,1795,3003,3624,3901,3777,3425,3460,3315,3103,2770,2202,2407,2972,3280,3296,2771,2376,2446,2435,2107,1889,1867,1677,1470,971,535,506,368,182,-147,-587,-697,-478,-162,78,261,475,616,707,943,1158,1532,1646,1772,2341,2894,3628,4163,4585,5131,5479,5806,6091,6216,6298,6244,6293,6269,6017,5858,5615,5177,4979,4774,4318,3783,3138,2327,1678,1039,147,-544,-1302,-2161,-2982,-3837,-4592,-5114,-5598,-6139,-6399,-6778,-7065,-6946,-6853,-6534,-6091,-6160,-5950,-5310,-4716,-4243,-3821,-3291,-2680,-1824,-1264,-993,-498,-21,391,792,1101,1289,1526,1628,1731,1763,1746,1715,1515,1458,1377,872,573,647,340,59,51,-126,-314,-329,-528,-497,-261,-407,-505,-471,-506,-467,-283,-419,-532,-308,-545,-674,-487,-522,-567,-449,-579,-925,-869,-686,-895,-954,-828,-979,-865,-702,-802,-559,-269,-284,-340,-111,225,336,627,838,813,897,959,1088,1320,1347,1394,1618,1617,1508,1659,1695,1729,1796,1710,1688,1800,1714,1672,1784,1655,1516,1508,1256,1231,1068,933,1092,927,583,387,267,222,175,98,-190,-536,-588,-506,-591,-687,-850,-1107,-1098,-1182,-1444,-1422,-1501,-1608,-1735,-2020,-2107,-1532,-407,162,-144,-819,-984,-308,306,506,330,-303,-608,-646,-840,-792,-681,-735,-972,-1359,-1432,-1395,-1327,-1288,-1379,-1388,-1290,-920,-914,-1230,-1346,-1415,-1168,-845,-988,-1072,-986,-939,-547,-183,-341,-395,-48,92,85,234,285,371,319,249,220,160,198,-87,-396,-404,-361,-214,-303,-452,-567,-565,-206,-291,-354,-412,-433,-211,-239,-174,-144,-73,53,171,285,263,345,432,506,677,656,672,811,784,753,739,694,811,704,788,945,603,721,876,667,483,327,435,270,-13,-73,-250,-326,-228,-518,-608,-539,-607,-442,-475,-598,-702,-741,-662,-544,-356,-337,-209,-338,-377,-117,-18,332,402,231,356,516,633,658,517,581,802,685,442,363,387,663,750,329,221,235,271,407,344,219,109,112,223,112,161,33,-168,7,-58,2,2,-98,48,-62,-192,-147,-198,-175,-126,-167,-244,-304,-372,-339,-434,-475,-404,-413,-259,-130,-286,-205,65,152,344,496,357,303,466,593,685,655,588,480,499,624,641,662,663,684,752,742,793,767,805,801,807,881,603,421,502,503,477,214,95,-11,-84,212,33,-186,-135,-158,-112,-222,-522,-440,-412,-314,-201,-403,-445,-363,-271,-165,-119,-15,-104,37,79,-49,272,282,143,278,287,205,340,471,263,89,97,-13,224,249,51,-249,-490,-238,-166,-203,-313,-423,-432,-390,-527,-686,-602,-464,-517,-661,-675,-528,-408,-357,-209,-244,-268,-43,92,26,26,74,134,316,218,43,-168,-20,143,-118,-175,-413,-483,-161,-298,-597,-649,-506,-404,-592,-840,-764,-627,-799,-773,-687,-670,-602,-708,-611,-513,-537,-364,-175,-166,-133,95,88,232,319,46,155,368,207,150,-50,-108,58,58,-55,-206,-277,-69,-3,-105,-156,-169,-76,44,194,193,92,108,210,221,245,180,328,315,137,330,297,198,356,292,280,357,399,253,59,161,61,-92,-62,-135,-65,183,114,-120,-57,-11,188,339,109,129,251,208,438,387,291,268,291,466,451,455,383,365,609,528,474,606,513,556,679,725,682,398,386,559,586,448,242,266,406,444,274,165,335,336,221,172,207,506,507,194,234,327,303,253,280,138,2,111,151,55,100,134,307,288,-12,-57,178,257,98,-167,-285,-97,-132,-135,-34,29,-84,10,273,71,144,200,82,301,213,161,159,176,169,251,283,39,197,296,230,124,24,154,325,408,242,121,266,397,439,324,214,280,197,106,56,65,-102,-195,-109,-174,-361,-525,-553,-424,-496,-519,-429,-503,-462,-551,-562,-445,-472,-336,-511,-689,-276,-208,-328,-317,-363,-154,-45,46,77,-139,-136,-254,-221,-34,-306,-361,-364,-337,-139,-246,-372,-311,-291,-281,-324,-382,-249,-230,-405,-398,-542,-617,-345,-332,-479,-511,-566,-456,-317,-452,-538,-517,-762,-720,-792,-929,-863,-906,-938,-942,-993,-1026,-992,-941,-718,-524,-505,-791,-713,-423,-403,-171,-88,-34,61,-12,70,160,209,324,356,158,111,314,467,616,481,389,532,512,605,870,911,777,780,951,952,973,1042,1009,1060,1067,952,1065,1009,911,876,762,801,958,969,939,869,782,767,541,492,426,251,333,121,-3,275,285,310,348,120,187,263,153,161,172,25,-162,-139,-68,-169,-193,-147,-135,-140,-206,-314,-423,-436,-414,-540,-621,-495,-525,-553,-660,-631,-589,-594,-526,-533,-659,-823,-607,-413,-577,-711,-596,-434,-538,-640,-660,-517,-526,-471,-388,-399,-383,-647,-403,-192,-417,-516,-678,-773,-719,-808,-878,-727,-682,-731,-803,-726,-727,-742,-650,-631,-732,-831,-780,-599,-319,-338,-544,-426,-444,-509,-341,-313,-327,-404,-545,-473,-591,-701,-439,-322,-364,-363,-422,-313,-46,31,67,239,138,-13,-148,-95,-72,-110,-88,-149,-279,-318,-193,-97,-48,-218,-145,110,-10,-118,-166,-229,-61,82,22,-112,-53,-16,251,370,217,465,500,245,337,338,56,95,137,-73,-199,99,158,-85,-15,288,591,737,844,830,832,1129,1178,1062,944,842,814,926,947,754,868,974,818,785,667,464,689,884,492,321,386,395,270,285,327,518,881,797,724,869,882,984,984,790,575,666,726,594,616,711,730,775,744,613,596,502,620,515,299,186,143,35,-128,-31,-47,-149,12,68,-53,165,155,135,193,53,258,295,30,100,43,-103,-140,81,19,-71,80,-23,94,393,240,70,241,317,345,457,377,250,239,419,353,0,-60,95,164,225,166,60,64,71,-32,101,112,42,153,361,527,605,608,248,-14,-14,210,375,45,-112,-111,-177,1,75,-107,-75,-83,-134,-217,-154,-36,-255,-273,-270,-171,262,294,-91,-42,-99,-100,-219,-351,-276,-430,-442,-430,-539,-502,-476,-469,-523,-545,-624,-671,-622,-695,-758,-718,-695,-590,-382,-528,-686,-568,-463,-204,-143,-178,-146,-355,-433,-492,-559,-559,-641,-519,-394,-324,-377,-677,-955,-943,-852,-783,-783,-1044,-1066,-976,-818,-603,-494,-459,-357,-540,-505,-206,-171,-142,207,348,233,297,230,3,113,148,-311,-488,-760,-952,-790,-936,-1119,-1449,-1520,-1150,-1142,-1278,-1258,-1417,-1685,-1867,-2289,-2705,-2911,-3340,-4083,-5486,-7226,-8681,-10292,-12441,-15178,-17361,-19365,-19872,-14641,-4773,3628,8190,10790,13995,18265,22270,24981,26234,27382,29314,31253,32401,32389,31589,29670,26345,22040,16300,9914,3600,-1952,-6258,-9693,-12594,-15526,-17657,-18808,-19712,-19398,-18294,-16732,-14435,-12068,-9691,-7622,-6340,-5518,-4851,-4102,-3698,-3645,-3582,-4078,-4578,-4750,-4920,-5120,-5379,-5626,-5986,-6093,-5992,-6080,-6096,-5893,-5518,-5323,-4886,-4221,-3838,-3564,-3317,-2988,-2740,-2610,-2507,-2628,-2221,-1586,-1052,-354,378,1128,1866,2299,2907,3646,4275,4673,4772,4869,4626,3999,3150,2261,1899,1786,1875,2724,3708,4216,4082,3248,2831,3059,3149,3070,2508,1354,-351,-2517,-3852,-4302,-4554,-5376,-7007,-8260,-8360,-7502,-5886,-4567,-3509,-1934,-24,1639,2884,4172,5550,6716,7984,8951,9673,10523,11392,12271,12973,13351,13387,13178,12879,12149,11630,11038,10437,10281,9799,8972,8362,7453,6534,5865,4701,3396,2174,935,-21,-1087,-2370,-3578,-4744,-5806,-6382,-6941,-7485,-7718,-8038,-8073,-7787,-7572,-7440,-7362,-7185,-6881,-6371,-5839,-5511,-5044,-4390,-3860,-3324,-2916,-2628,-2311,-1953,-1478,-1159,-1146,-926,-486,-135,73,131,16,267,704,914,713,564,733,802,987,904,639,584,377,404,398,116,29,-49,-136,-258,-261,-405,-661,-845,-1190,-1357,-1530,-1640,-1763,-1997,-2021,-1767,-1831,-1972,-1791,-1802,-1816,-1908,-2157,-2091,-1875,-1837,-1796,-1737,-1567,-1321,-1240,-1259,-1181,-948,-957,-819,-457,-447,-323,-272,-222,-131,-110,-41,-147,86,357,359,544,384,342,680,715,704,654,683,694,610,634,610,864,877,691,965,1099,1153,1242,1071,920,788,910,916,625,624,542,547,772,699,610,733,796,611,604,813,827,742,524,286,202,344,413,-53,-220,-168,-374,-262,-194,-386,-478,-408,-416,-267,-188,-242,-126,-113,-46,-51,-18,-30,-134,-134,-122,0,-40,-64,-180,-37,-6,-220,-140,-283,-158,32,-196,-98,-106,-115,489,1054,1468,1520,1734,2507,2478,1098,-1071,-2993,-4176,-4747,-4236,-2857,-1345,-267,163,615,1199,1455,1001,519,398,197,277,588,714,1007,1250,1297,1505,1558,1257,1170,1085,901,743,574,800,994,1066,1112,1140,993,762,671,510,247,-113,-463,-651,-556,-506,-492,-373,-260,-293,-149,-229,-475,-511,-603,-862,-1038,-1310,-1482,-1322,-1295,-1376,-1428,-1446,-1659,-1679,-1405,-1177,-709,-783,-1461,-1827,-1844,-905,879,2817,4309,5542,6767,7453,7141,5298,1829,-2100,-5319,-6938,-6961,-6414,-6120,-5952,-5537,-4822,-4238,-3960,-3976,-3940,-3448,-2709,-2036,-1251,-555,59,809,1448,1928,2386,2700,2879,3024,3101,3222,3237,3166,3292,3351,3265,3142,2757,2484,2300,2098,1784,1062,402,-76,-659,-1132,-1376,-1871,-2293,-2362,-2464,-2403,-2362,-2270,-1982,-1845,-1584,-1208,-1043,-568,-332,-211,66,153,294,349,390,474,431,432,441,484,445,379,671,880,842,932,902,911,922,890,1000,926,902,1102,855,771,1022,1049,958,896,1056,951,928,1014,721,676,757,508,484,446,285,379,503,389,270,285,182,109,81,-218,-510,-476,-333,-187,-37,-244,-520,-472,-20,21,-299,-443,-649,-763,-618,-736,-700,-747,-872,-821,-821,-657,-480,-723,-1003,-881,-847,-836,-1024,-1318,-1321,-1129,-1079,-1199,-1397,-1473,-1376,-1418,-1405,-1278,-1166,-1291,-1268,-1088,-1026,-768,-891,-1028,-838,-800,-363,-271,-353,-230,-304,45,253,315,498,390,517,585,718,881,720,869,1094,1252,1356,1185,1161,1388,1457,1279,1115,1206,1332,1436,1227,909,1092,1330,1202,1037,1242,1467,1522,1614,1496,1524,1775,1753,1823,1732,1626,1805,1793,1785,1711,1509,1266,1337,1559,1506,1207,949,933,886,845,424,43,340,622,373,159,26,-90,496,698,177,-31,-216,-252,-173,-327,-496,-1139,-1545,-1202,-974,-1259,-1532,-1357,-1222,-1164,-1211,-1274,-1127,-1144,-1181,-1213,-1308,-1032,-939,-1141,-1245,-1195,-1064,-970,-867,-929,-965,-498,-138,-161,-263,-184,129,199,38,-41,-103,-129,-108,4,15,-199,-50,75,-232,-333,-296,-287,-256,-178,-282,-489,-400,3,139,-226,-292,-116,102,208,44,-199,-321,-86,-46,-185,-257,-174,21,294,89,-105,201,282,369,287,186,510,433,411,564,269,483,758,660,501,168,146,398,364,542,482,199,283,363,422,494,443,241,225,206,193,222,229,98,-131,-108,-118,26,71,-300,-182,119,8,-132,-348,-280,-31,-170,-481,-602,-703,-485,-178,-183,-227,-195,-189,-172,-499,-440,-198,-447,-491,-533,-473,-115,-273,-446,-430,-259,107,280,37,-137,53,389,316,165,-57,-139,36,-40,277,380,-176,-253,-195,-322,103,232,5,-29,-154,-221,-194,93,129,101,162,-94,-91,204,404,468,365,113,370,542,466,340,214,363,425,250,199,215,34,-51,259,357,240,407,507,351,82,215,343,523,600,237,27,42,-3,225,626,523,426,230,86,570,892,724,608,602,462,346,457,698,772,768,770,733,744,711,804,599,434,577,426,442,339,255,206,112,162,49,-199,4,316,87,-1,-47,55,292,236,44,-58,-13,68,183,50,108,106,-274,86,272,115,150,-125,-361,-540,-485,-341,-574,-735,-1256,-1284,-792,-761,-909,-939,-1015,-1071,-884,-555,-494,-701,-878,-762,-470,-420,-455,-470,-552,-546,-691,-771,-520,-339,-341,-406,-529,-541,-454,-242,65,140,-74,-562,-691,-550,-446,-572,-512,-406,-441,-181,-24,92,7,-195,28,213,100,-103,-343,-424,-391,-328,-259,-580,-860,-867,-781,-460,-292,-624,-977,-719,-410,-152,397,607,148,-314,-161,309,650,407,-59,-291,-102,258,296,205,148,133,148,437,554,124,188,603,386,257,284,252,300,372,116,-145,-116,-228,-333,-322,-410,-366,-363,-285,-193,-43,139,-70,-211,-34,-77,126,241,-260,-292,-152,72,110,-314,-259,45,106,175,162,180,144,20,73,405,466,126,68,-124,-306,-33,65,-254,-420,-313,-10,265,417,412,489,618,402,501,936,934,785,732,639,726,677,449,329,331,194,300,489,311,346,456,281,122,148,514,606,372,188,-67,255,512,242,169,405,881,1045,694,497,264,565,814,524,517,497,574,830,945,592,215,408,556,370,207,-37,-157,22,72,110,228,223,331,515,553,412,141,-90,-13,-139,-316,-262,-239,-35,118,245,266,90,121,157,-142,-340,-427,-568,-652,-584,-701,-627,-410,-465,-454,-380,-469,-520,-291,-366,-518,-485,-448,-173,-94,-274,-243,-47,142,301,226,190,338,578,827,904,575,250,552,1050,1008,693,511,422,462,774,833,447,-2,-279,316,1027,723,273,263,343,292,295,35,-315,-308,-301,-314,-361,-530,-664,-595,-460,-390,-427,-314,-345,-518,-402,-163,-41,60,-189,-383,-257,-370,-353,-199,-240,-332,-529,-491,-509,-619,-487,-422,-409,-178,-518,-856,-180,429,70,-314,-404,-427,-342,-294,-323,-454,-328,-110,45,59,12,168,155,-72,-171,-330,-562,-469,-436,-971,-1003,-627,-734,-769,-620,-688,-647,-518,-328,-393,-464,-565,-718,-461,-280,-316,-555,-581,-67,-78,-347,-235,-177,-12,198,241,230,-109,-337,-416,-311,-108,-211,-291,-73,16,115,432,333,202,263,351,772,728,193,21,76,4,-22,-241,-496,-686,-631,-619,-755,-633,-345,-148,123,0,-424,-88,306,122,-9,-249,-557,-492,-327,-300,-379,-232,-93,-142,-36,-101,-281,-433,-423,-229,-517,-537,-482,-656,-460,-253,-187,-419,-546,-63,-2,-528,-710,-758,-665,-665,-1070,-1162,-731,-809,-1113,-968,-1026,-1105,-1213,-1582,-1639,-1275,-882,-717,-882,-977,-1069,-960,-494,-174,-251,-388,-218,-8,-16,462,696,889,953,800,1343,1634,1379,1484,1663,1662,1851,2090,2278,1979,2053,2343,2210,2304,2515,2702,2980,3009,2783,2590,2696,2832,3092,2977,2482,2589,2775,2823,2771,2295,2013,2216,2591,2663,2084,1767,1737,2145,2657,2412,2171,1983,1806,1862,1961,1837,1566,1441,1400,1583,1954,1681,1000,795,769,865,929,757,749,1009,1104,795,469,229,21,112,73,-295,-645,-678,-388,-581,-1126,-1332,-1255,-1098,-1134,-1175,-1116,-1186,-1300,-1383,-1298,-1461,-1564,-1403,-1292,-1558,-1861,-2146,-2372,-2446,-2526,-2747,-3160,-4123,-5542,-6825,-7805,-8549,-9010,-9247,-9185,-8902,-8615,-8148,-7195,-6282,-5710,-5479,-5654,-5762,-5360,-4885,-4486,-3843,-3494,-2986,-1787,-646,158,354,334,525,984,1757,1938,1689,1899,2255,2389,2715,2914,3233,4031,4210,4225,4423,4624,4762,4699,4935,4976,5058,5622,6067,6068,5843,5670,5986,6325,6370,6522,6918,7524,7949,7741,7932,8542,8971,9353,9499,9606,10084,10034,9819,10053,9878,9331,8691,7986,7411,6481,5531,4926,4546,3845,2100,198,-1193,-1848,-2676,-4173,-5406,-6345,-7168,-7820,-8353,-8487,-8961,-9646,-10055,-10538,-11059,-11625,-11492,-11160,-11106,-11196,-11036,-10263,-9469,-9292,-9411,-9370,-8409,-7386,-6726,-6623,-6968,-6905,-6196,-5619,-5540,-5337,-5265,-5221,-5129,-5050,-5147,-5407,-5186,-4522,-4025,-4264,-4007,-2858,-2091,-1554,-1097,-671,-128,349,860,1548,2440,3103,3654,4575,5455,6005,6065,6284,7005,7803,8042,8060,8513,8767,8916,9138,8960,8860,8767,8311,8244,8032,7404,6993,6686,6418,6045,5464,5060,4928,4615,4060,3302,2666,2373,2097,1806,1264,586,522,540,65,-240,-205,-412,-289,-318,-740,-1154,-1223,-950,-993,-1381,-1957,-2271,-2310,-2279,-2437,-2968,-3318,-3478,-4019,-4548,-4796,-5181,-5730,-6391,-6633,-6474,-6240,-6002,-6092,-6212,-5955,-5642,-5218,-5241,-5484,-5333,-5041,-4533,-4181,-4183,-4169,-3759,-3185,-2845,-2632,-2428,-2254,-1747,-1405,-1360,-1418,-1263,-874,-698,-302,128,373,808,1314,1522,1401,1302,1300,1523,1609,1397,1170,1252,1572,1718,1504,1558,1955,2001,1997,1828,2146,2620,2308,2177,2102,2256,3011,2822,2583,2929,2781,2881,3103,2948,2799,2920,3096,3243,3363,3231,3236,3591,3503,3221,3123,2734,2720,2819,2564,2670,2681,2671,2359,2121,2391,2273,1997,1781,1634,1525,1130,921,757,600,397,88,-13,94,203,179,183,269,139,-19,-60,-299,-381,-507,-731,-683,-475,-402,-728,-1084,-1017,-962,-737,-392,-302,-534,-834,-722,-339,-162,-305,-564,-623,-501,-369,-360,-504,-262,-65,-426,-838,-932,-480,-221,-437,-817,-1211,-1012,-621,-506,-566,-771,-791,-607,-629,-721,-892,-857,-738,-866,-1067,-1133,-1270,-1166,-1003,-1072,-1303,-1474,-1511,-1404,-1173,-1384,-1458,-1274,-1497,-1578,-1472,-1389,-1231,-1111,-1161,-1274,-1236,-1125,-1199,-1240,-1067,-1201,-1425,-1442,-1195,-963,-615,-628,-758,-546,-628,-430,-89,-84,-38,-120,-268,-238,-365,-383,-221,-150,-324,-679,-780,-429,131,265,19,-97,-127,259,500,359,103,-114,-220,-74,72,-33,40,133,36,27,-72,56,414,471,212,17,76,284,517,598,405,333,377,479,495,554,641,483,246,108,171,-13,-1,291,105,-48,-102,63,240,313,503,479,511,527,361,354,331,330,314,73,107,87,118,303,209,1,-179,-26,223,183,132,-142,-178,130,139,289,360,448,577,741,852,933,1210,1227,998,1265,1426,1318,1111,666,460,631,916,1131,1018,858,792,947,1365,1342,1369,1338,1108,1107,1184,1413,1490,1087,813,504,455,818,983,1029,895,623,735,1161,1189,906,742,436,303,469,463,215,24,15,149,173,226,185,-65,-222,-438,-511,-283,-271,-403,-553,-721,-385,-92,-146,44,184,214,295,426,322,234,355,311,232,401,347,22,-78,-5,4,172,202,79,205,209,-72,-276,-223,-275,-358,-335,-571,-338,59,-17,-256,-354,-329,-413,-525,-535,-606,-525,-444,-592,-627,-600,-682,-735,-741,-589,-541,-794,-1101,-1210,-1039,-1214,-1481,-1516,-1572,-1576,-1590,-1466,-1120,-877,-914,-793,-850,-965,-950,-1019,-972,-1143,-1392,-1156,-836,-750,-759,-943,-1129,-882,-759,-608,-406,-484,-443,-458,-314,-422,-518,-401,-532,-743,-610,-507,-420,-259,-385,-439,-377,-405,-437,-360,-227,-77,-17,86,238,483,680,500,534,907,863,466,323,403,670,703,538,490,801,987,917,1031,1000,799,957,1049,940,1046,1093,881,852,896,946,975,666,400,415,625,832,772,538,353,384,589,605,658,562,438,580,494,219,27,-94,125,583,523,363,459,872,1115,1178,1017,767,564,616,856,743,655,301,251,639,680,612,679,789,748,534,567,506,439,197,-251,-2,226,74,71,205,503,467,524,493,-207,-256,-40,-155,-269,-482,-447,-458,-411,-322,-388,-362,-299,-61,-3,-346,-443,-497,-434,-315,-689,-929,-761,-522,-711,-1048,-1016,-1205,-1198,-913,-1038,-906,-662,-542,-357,-454,-492,-405,-288,-385,-533,-603,-775,-833,-869,-959,-1172,-1359,-1188,-1076,-937,-722,-543,-218,-374,-409,-446,-813,-624,-658,-881,-504,-482,-673,-550,-668,-808,-854,-804,-548,-405,-358,-173,-101,-42,281,536,601,612,731,407,67,47,157,45,-91,-38,-97,-104,255,502,467,413,382,427,553,667,676,540,596,571,284,180,420,664,692,642,609,643,791,1016,1129,983,582,384,428,668,886,822,653,566,620,637,529,621,711,661,710,505,450,414,244,271,24,-123,-37,160,266,355,318,36,139,326,557,754,728,524,206,98,-122,-399,-542,-448,-460,-385,-51,-185,-346,-95,-22,-104,-247,-630,-509,14,182,179,-161,-316,-30,-162,-388,-400,-545,-436,-121,-120,-260,-156,-13,106,180,44,-148,-162,141,119,-74,8,-87,-103,236,203,57,-71,-111,53,-67,-144,-124,-80,-19,33,50,-21,117,250,48,40,26,-243,-162,-34,-187,-168,-6,-54,44,339,244,-57,-354,-504,-438,-321,-262,-487,-655,-551,-233,-237,60,239,124,523,651,583,844,868,634,521,662,870,814,264,110,566,873,1017,884,534,528,829,819,797,800,736,878,808,928,883,580,493,670,928,729,547,500,768,1042,827,631,631,531,356,487,550,619,799,636,341,195,204,219,128,258,126,-292,-165,0,-112,42,243,202,82,276,258,93,-57,-189,-358,-524,-297,14,104,18,-309,-323,-79,69,217,147,-68,-197,-387,-296,-306,-598,-402,-195,-234,-361,-642,-586,-376,-228,-274,-560,-613,-378,-235,-370,-404,-477,-511,-316,-469,-632,-461,-145,-77,-209,-77,10,-177,-271,-250,-422,-536,-452,-428,-331,-94,-249,-533,-473,-154,-45,-185,-408,-722,-946,-948,-837,-937,-1026,-898,-984,-822,-518,-495,-485,-680,-642,-486,-606,-554,-444,-491,-661,-859,-696,-435,-456,-592,-733,-494,-332,-138,-192,-369,-119,143,459,462,141,302,402,575,818,350,154,203,361,669,535,410,255,212,387,183,141,237,308,447,622,659,293,325,637,759,873,820,628,512,552,518,239,160,240,78,287,656,672,601,767,684,763,1002,819,667,536,734,1069,1076,999,846,630,646,462,158,10,106,467,337,98,197,-59,32,332,196,110,85,307,335,75,42,70,220,382,325,330,364,482,594,458,231,80,155,98,-23,6,-282,-266,-56,134,230,79,-109,-449,-749,-667,-614,-644,-707,-801,-801,-872,-858,-623,-422,-578,-498,-453,-831,-670,-351,-539,-561,-709,-1052,-1073,-856,-953,-1254,-1585,-1966,-2092,-1956,-1919,-2419,-2666,-2242,-2322,-2791,-3316,-3768,-3778,-3780,-4146,-5903,-8821,-11378,-13638,-15813,-17667,-19344,-20737,-18614,-9994,1354,9675,13910,16068,18452,22001,25775,28138,28891,29886,31570,32559,32206,31039,28676,24706,19168,12240,5565,-513,-6412,-11013,-14424,-17436,-19940,-21865,-22881,-23201,-22984,-21937,-19877,-17286,-14268,-11324,-8633,-5966,-3976,-2701,-1471,-314,366,792,1161,1415,1669,1529,1069,555,-231,-1037,-1867,-2977,-3527,-3783,-3833,-3633,-3604,-3356,-3057,-2854,-2301,-1606,-865,-312,213,768,1166,1778,2594,3266,3859,4264,4657,5432,5898,6097,6336,6322,6432,6351,6026,5774,5760,5679,5062,4512,4265,3883,3960,3646,2683,2278,1983,1702,1484,988,401,21,220,94,-480,-940,-1153,-1084,-915,-990,-1360,-1692,-1695,-1503,-1412,-1425,-1754,-1961,-2070,-2162,-2230,-2503,-2657,-2812,-2881,-3081,-3148,-2933,-2966,-2977,-3024,-3142,-3149,-3182,-3238,-3330,-3246,-3044,-3008,-2773,-2794,-2936,-2602,-2213,-1975,-2084,-2449,-2616,-2866,-3093,-3375,-4119,-4286,-3800,-3447,-3264,-3219,-3124,-2427,-1253,-358,-842,-1891,-2471,-2858,-2537,-2060,-2166,-1958,-1467,-924,233,1495,2603,3703,4291,5136,6888,8628,10099,11454,12619,13884,14994,15835,16429,16818,17259,17520,17574,17366,16598,15775,14993,14145,13230,12329,11492,10434,9444,8295,7242,6220,4873,3417,1779,167,-1197,-2802,-4318,-5726,-6998,-7771,-8602,-9597,-10335,-11062,-11611,-11971,-12287,-12489,-12362,-12053,-11756,-11365,-10811,-10040,-9182,-8533,-7859,-7134,-6407,-5812,-5263,-4751,-4232,-3963,-3458,-3115,-3219,-2910,-2931,-2784,-2388,-2345,-1999,-1911,-1916,-1428,-1055,-892,-817,-687,-423,-185,-57,12,101,392,225,11,-13,-266,-248,-161,-389,-627,-624,-504,-565,-559,-559,-529,-449,-325,-392,-460,-238,-193,-252,-215,-215,-102,-49,-20,33,77,168,273,212,266,377,728,873,703,914,932,1118,1521,1268,1039,982,1085,1258,1173,1016,832,832,1090,998,855,810,623,708,714,464,252,303,441,394,251,197,206,250,253,62,2,192,199,318,339,147,251,268,470,566,488,673,672,555,472,176,235,271,148,201,81,320,377,195,252,191,270,487,430,313,458,458,492,606,548,517,491,473,326,262,208,55,-56,92,126,48,-67,-153,-120,-113,-210,-256,-223,-311,-426,-343,-309,-316,-323,-421,-234,-31,-65,107,116,-102,36,125,116,-25,-22,42,-35,-28,-7,-30,10,8,-105,-64,106,233,114,100,150,115,321,331,347,464,261,224,381,75,-81,36,-198,-320,-145,-433,-608,-470,-566,-483,-556,-815,-667,-572,-627,-661,-763,-743,-649,-620,-631,-625,-591,-431,-479,-307,-280,-445,-360,-219,-162,-179,-305,-448,-397,-338,-243,-255,-522,-462,-375,-384,-210,-271,-290,-200,-172,-10,-30,-60,-87,-103,41,-112,-164,-99,-199,-158,-227,-394,-436,-498,-629,-553,-619,-803,-733,-606,-671,-795,-777,-692,-546,-432,-491,-408,-185,-73,0,8,118,218,360,511,426,445,367,434,677,610,583,708,694,802,862,759,862,864,775,829,751,679,812,819,726,610,557,724,836,879,899,723,856,849,759,757,729,756,857,837,691,780,884,760,841,764,659,861,706,542,794,628,507,670,514,432,405,540,508,472,468,285,395,426,301,500,450,322,470,462,393,476,489,381,397,468,377,546,554,419,376,374,544,436,383,231,47,289,385,399,324,86,73,-41,-118,-160,-337,-198,-284,-439,-383,-562,-569,-489,-560,-646,-473,-453,-531,-398,-429,-411,-395,-477,-462,-430,-481,-563,-525,-492,-665,-786,-713,-773,-844,-743,-816,-866,-719,-720,-718,-690,-629,-600,-508,-496,-571,-353,-293,-401,-449,-423,-417,-427,-435,-555,-584,-465,-405,-295,-359,-303,-99,-123,-64,23,-35,98,252,100,84,178,220,131,111,244,295,261,245,243,190,187,186,78,65,10,-92,140,51,-46,-60,-302,-154,-135,-296,-199,-333,-247,-23,-153,-106,106,143,231,258,224,434,540,523,597,503,515,581,500,547,524,564,745,777,725,712,788,851,875,832,731,665,760,742,661,788,687,552,499,318,384,478,490,463,361,441,309,431,592,429,544,676,789,919,824,874,884,889,784,586,613,489,414,296,65,137,-9,-86,22,-148,-139,-48,-67,81,76,93,134,156,238,186,173,266,232,190,284,247,156,217,214,184,74,55,99,48,45,-131,-233,-78,-120,-205,-301,-412,-348,-370,-415,-444,-445,-355,-485,-499,-463,-670,-804,-1041,-1227,-746,-469,-377,-287,-383,-355,-103,169,189,364,890,1072,1093,1095,856,846,991,962,921,920,728,647,623,397,267,153,-65,6,-91,-266,-344,-428,-429,-453,-403,-348,-294,-313,-261,-8,14,26,288,359,343,324,350,464,411,364,330,356,426,342,319,250,260,286,139,94,15,-187,-158,-111,-288,-297,-330,-393,-454,-529,-596,-712,-741,-652,-653,-834,-902,-820,-848,-991,-1003,-1080,-1055,-950,-1086,-1030,-1013,-1060,-930,-996,-950,-838,-962,-906,-873,-804,-803,-885,-694,-793,-863,-634,-886,-929,-690,-698,-728,-627,-555,-660,-596,-459,-555,-510,-489,-497,-424,-465,-318,-467,-507,-387,-416,-359,-396,-346,-292,-244,-132,40,96,-20,125,245,325,456,317,447,633,591,554,642,737,784,799,840,875,933,981,933,986,1065,1070,1131,1124,1208,1236,1221,1255,1284,1165,1119,1352,1272,1196,1227,1094,1166,1214,958,982,940,764,775,591,431,395,378,177,67,104,69,-37,87,20,-56,9,-62,-14,-110,-150,-213,-333,-334,-394,-413,-538,-534,-508,-519,-628,-666,-603,-612,-606,-640,-684,-679,-637,-695,-831,-818,-691,-677,-794,-704,-733,-541,-453,-516,-354,-454,-343,-250,-484,-459,-456,-549,-546,-507,-576,-761,-672,-624,-668,-644,-600,-527,-480,-543,-424,-336,-217,-194,-195,-103,-155,-126,8,-55,-142,-79,-18,3,36,-97,-51,30,-80,-198,-279,-252,-269,-355,-413,-430,-600,-560,-499,-412,-400,-549,-474,-486,-574,-586,-558,-378,-461,-558,-343,-384,-408,-342,-463,-436,-373,-491,-467,-439,-590,-582,-540,-549,-627,-633,-807,-820,-617,-728,-716,-612,-665,-628,-613,-662,-638,-498,-447,-498,-430,-273,-272,-173,-108,-152,29,335,250,184,314,423,528,655,712,729,665,944,1220,1230,1323,1341,1295,1318,1395,1611,1468,1573,1713,1552,1619,1644,1641,1742,1739,1641,1671,1789,1684,1584,1635,1684,1719,1702,1573,1609,1520,1605,1488,1357,1468,1306,1490,1506,1316,1448,1448,1573,1643,1504,1479,1428,1397,1436,1447,1452,1487,1488,1450,1274,1077,787,632,586,342,233,248,182,53,-43,-204,-333,-359,-284,-341,-576,-477,-473,-610,-352,-387,-749,-938,-1201,-1606,-2115,-2406,-2493,-2399,-2383,-2826,-3567,-4538,-5692,-6973,-8307,-9359,-9932,-10233,-10262,-9814,-9016,-7812,-6647,-5919,-5489,-5494,-5641,-5541,-5204,-4885,-4335,-3408,-2632,-1677,-609,305,1298,2142,2658,3142,3566,3898,4083,4142,4276,4351,4711,4971,5152,5398,5430,5397,5722,6415,6934,6712,6153,5709,5813,6304,6393,6262,6713,7184,7456,7797,7810,7745,7668,7981,8374,8670,9285,9750,10338,10740,10776,10947,11211,11287,11474,11330,10886,10756,10419,9750,8894,7689,6212,4955,3871,2661,1076,-820,-2628,-4094,-5624,-7282,-8640,-9932,-10903,-11657,-13110,-14654,-15728,-16747,-17644,-18704,-19656,-20143,-20133,-19727,-19112,-18408,-17569,-16726,-16167,-15417,-14302,-13160,-11919,-10552,-9423,-8149,-7110,-6392,-5326,-4216,-3282,-2340,-1321,-328,515,1362,2148,2954,3883,4811,5770,6546,7100,7748,8429,8970,9612,10013,10523,10962,11109,11210,11015,10842,10577,10052,9486,8592,7410,6222,5184,4484,4091,4333,5708,7074,6109,3190,504,-1865,-3444,-4122,-4289,-3498,-2873,-2689,-2289,-1967,-1581,-1255,-975,-866,-898,-676,-633,-927,-1156,-1374,-1546,-1689,-1803,-1939,-2124,-2130,-2165,-2326,-2433,-2616,-2632,-2685,-2743,-2822,-3001,-2968,-3107,-3281,-3205,-3323,-3581,-3708,-3707,-3790,-3814,-3625,-3344,-3170,-3083,-2991,-2758,-2326,-2128,-2241,-2311,-2321,-2229,-2138,-2339,-2443,-2330,-2350,-2277,-2240,-2094,-1923,-1747,-1673,-1591,-1349,-1234,-1071,-926,-874,-704,-547,-394,-207,-16,157,324,525,701,807,1006,1317,1584,1786,1994,2236,2496,2656,2837,3104,3247,3485,3601,3584,3663,3666,3780,3757,3721,3783,3834,4021,3843,3729,3735,3605,3630,3695,3597,3338,3068,3046,3031,2826,2596,2511,2423,2358,2172,1908,1966,1941,1790,1655,1516,1511,1568,1344,1058,957,980,958,968,783,411,597,1141,1576,1930,1701,939,483,451,487,177,-455,-895,-1057,-787,-504,-730,-820,-880,-1076,-1294,-1604,-1472,-1330,-1347,-1227,-1125,-927,-861,-722,-623,-846,-783,-641,-698,-570,-707,-776,-546,-634,-761,-658,-589,-505,-511,-630,-653,-596,-506,-491,-429,-482,-397,-292,-488,-487,-487,-531,-611,-758,-689,-850,-921,-914,-1092,-975,-999,-1088,-1106,-1195,-1131,-1011,-822,-775,-892,-927,-1050,-815,-621,-505,-473,-775,-1066,-1160,-1251,-1110,-1019,-865,-951,-1197,-1325,-1385,-1280,-1162,-1107,-954,-961,-934,-700,-545,-542,-546,-485,-416,-548,-672,-874,-918,-762,-755,-763,-694,-605,-699,-787,-705,-469,-170,-148,-258,-307,-141,109,57,109,201,117,282,442,334,331,485,653,672,519,529,522,381,477,474,400,477,495,464,436,418,334,458,542,516,351,236,335,368,456,496,449,497,397,338,416,412,373,356,489,482,496,655,609,447,506,622,545,643,530,256,290,508,602,310,41,294,613,754,697,463,-6,-159,-104,-85,200,240,81,98,40,95,246,161,86,3,-330,-495,-524,-631,-546,-704,-999,-985,-1007,-1075,-1055,-1055,-1138,-1055,-1046,-1082,-936,-557,-500,-775,-688,-682,-467,-291,-470,-530,-483,-268,-271,-245,2,-6,46,45,-5,28,133,175,104,-88,-123,27,186,50,-44,-93,-303,-122,-25,-221,-316,-364,-467,-372,-165,-188,-369,-447,-350,-275,-299,-304,-227,-303,-402,-353,-369,-359,-350,-406,-454,-492,-342,-251,-282,-208,-365,-148,24,-43,95,8,-130,226,312,369,408,301,217,222,404,504,610,355,45,204,356,584,594,446,372,139,406,407,216,270,148,424,478,242,121,75,193,247,392,315,106,305,361,339,548,472,331,413,450,319,386,246,-45,185,260,199,284,223,291,114,165,568,400,283,165,-265,7,245,158,107,-84,142,0,-115,-73,-232,-47,18,-330,-493,-534,-449,-265,-269,-485,-509,-465,-357,-191,-168,-186,-121,-119,-331,-278,18,69,87,159,30,-148,-36,225,496,542,294,105,73,295,553,596,383,30,173,468,452,352,202,221,323,321,143,-138,-138,-49,15,-31,-253,-259,-207,-194,124,35,-19,189,24,208,291,-12,-16,-83,159,243,81,101,-32,-73,-98,-354,-227,-111,-265,-221,-144,-325,-269,-13,-26,-190,-247,-158,-15,140,112,-47,-24,32,-120,-17,127,-160,-206,-240,-406,-293,-479,-374,-241,-457,-505,-411,-416,-396,-365,-411,-333,-379,-481,-400,-266,-192,-199,-172,-199,-176,-92,82,95,-74,-185,6,211,104,87,6,-295,-319,-168,-121,-167,-255,-259,-283,-39,3,-335,-335,-62,-124,-283,-324,-204,55,35,-272,-444,-248,-177,-226,-313,-486,-498,-430,-330,-301,-514,-717,-658,-462,-561,-800,-726,-589,-452,-304,-577,-580,-330,-426,-463,-487,-444,-165,-110,-154,-218,-316,-191,-36,-219,-161,-180,-111,97,-155,-184,23,63,88,-196,-193,115,116,150,-62,-180,-154,8,88,25,107,-29,-110,-120,79,131,338,428,41,31,36,199,359,388,308,259,309,289,270,445,484,266,211,226,360,513,389,117,35,157,325,510,249,-233,-262,-129,68,225,58,94,223,317,528,672,812,717,512,573,595,664,867,710,483,350,335,515,565,565,553,329,38,265,447,273,170,164,366,336,238,339,248,99,136,328,155,56,318,165,-93,75,40,96,147,57,-106,-385,-337,-35,-57,-99,-357,-586,-570,-599,-418,-419,-605,-598,-646,-787,-559,-409,-469,-618,-751,-651,-486,-242,-339,-451,-257,-317,-286,-139,-81,-23,-26,154,93,-15,-26,107,215,277,332,120,172,413,250,206,346,234,221,177,31,29,132,271,111,-76,-13,304,366,270,244,-136,-161,319,390,232,-237,-381,64,369,338,240,184,-67,-94,385,568,126,-124,139,413,311,199,323,311,434,671,503,267,277,362,337,418,313,56,-49,-285,-59,240,74,-14,6,-227,-219,-99,-230,-268,-216,-300,-458,-595,-509,-342,-387,-692,-795,-576,-291,-305,-666,-838,-634,-297,-236,-252,-486,-492,-126,49,-86,-417,-529,-575,-306,-81,-434,-705,-668,-578,-464,-374,-425,-694,-834,-658,-486,-441,-491,-463,-538,-484,-280,-223,-142,-280,-339,-190,-141,63,92,76,168,70,49,0,110,426,802,595,231,227,270,417,348,-57,-242,-232,-317,-372,-385,-509,-587,-522,-500,-723,-837,-700,-640,-592,-549,-388,-311,-298,-62,-2,-91,-138,166,471,420,376,467,580,489,328,381,514,731,550,447,529,279,248,541,524,162,189,214,231,581,559,310,266,175,238,374,374,321,217,11,-148,-57,197,93,84,152,83,97,-67,-70,-135,-57,59,-90,-133,-227,-313,3,174,204,32,-211,-109,-111,4,30,-130,-59,-160,-179,70,-13,-259,-329,-191,-20,58,90,-66,-17,-117,14,152,4,65,140,129,179,261,204,211,40,-178,-2,144,168,40,-178,-262,-105,170,310,251,12,-51,-18,36,227,144,-263,-371,-262,-234,-341,-638,-832,-600,-385,-399,-621,-922,-906,-665,-561,-546,-575,-638,-538,-510,-465,-334,-478,-383,-133,-22,-118,-149,136,104,-92,-38,-25,-28,-34,-205,-176,-239,-437,-537,-918,-935,-845,-1048,-1330,-1731,-1999,-2193,-2330,-2349,-2430,-2557,-2682,-2609,-2598,-2862,-3190,-4167,-5886,-7055,-8215,-10825,-14795,-18111,-18977,-16040,-8414,104,5632,9303,12975,16876,19746,21038,22023,22948,24684,28195,31331,32551,31765,29530,25918,21137,15353,8965,2337,-3768,-8631,-12229,-14549,-16299,-17950,-19088,-19657,-19692,-19003,-17453,-15005,-12410,-10262,-8082,-6308,-4779,-3340,-2453,-1826,-1614,-1679,-1841,-1881,-2209,-2717,-2936,-3591,-4327,-4819,-5543,-6196,-6519,-6545,-5965,-5366,-5076,-4879,-4361,-3263,-2249,-1788,-1555,-1448,-1173,-433,402,758,660,923,1401,1819,2316,2618,2808,2730,2782,3277,3504,3378,3358,3357,3358,3734,3910,3550,3440,3777,3851,3759,3746,3639,3443,3120,2800,2285,1761,1659,1562,954,273,309,196,-383,-700,-884,-1068,-1244,-1400,-1726,-2171,-2404,-3049,-3750,-3934,-4733,-5555,-5870,-5948,-5328,-4692,-4012,-3468,-3986,-4789,-5166,-5177,-5697,-6972,-8568,-9951,-9606,-8831,-8761,-8759,-8121,-5593,-2656,-638,711,1937,3693,5993,8829,11793,14585,16590,17481,18116,18830,19525,20040,19933,19415,18760,17975,16929,15976,15501,15164,14597,13664,12751,12097,11197,10156,8882,7201,5575,3970,2285,530,-1414,-3364,-5004,-6382,-7386,-8211,-9255,-10019,-10408,-10525,-10529,-10404,-9974,-9697,-9349,-8710,-8339,-7608,-6839,-6318,-5725,-5318,-4724,-4119,-3667,-3323,-3263,-3019,-2608,-2426,-2378,-2225,-1941,-1895,-1976,-2184,-2255,-1864,-1719,-1872,-1892,-1973,-2178,-2144,-2213,-2223,-2146,-2059,-2255,-2589,-2438,-2430,-2810,-2876,-2655,-2608,-2744,-2904,-2804,-2508,-2589,-2702,-2355,-2138,-2058,-1963,-1812,-1686,-1448,-1088,-968,-817,-606,-571,-312,-108,-220,-54,130,159,-258,-205,306,219,185,254,186,368,522,623,666,710,822,641,733,1132,1160,1099,1079,1087,1064,1041,1368,1400,1304,1186,997,1168,1113,1047,1148,1206,1131,999,1040,872,893,1263,1014,592,765,859,896,940,751,579,471,514,507,589,685,463,385,435,287,389,563,535,291,73,293,383,236,43,30,116,175,10,-169,-208,-95,134,254,143,201,65,-144,-78,38,292,231,-78,-167,-105,6,-209,-443,-312,-458,-568,-581,-770,-576,-637,-1039,-1062,-815,-697,-762,-961,-1120,-842,-420,-318,-744,-995,-507,-322,-516,-366,-303,-600,-707,-562,-298,-127,2,-173,-435,-408,-323,-110,70,114,23,-90,192,201,-104,122,406,298,26,-93,0,191,437,330,293,272,53,86,-41,-190,178,232,-43,-20,-88,-132,-105,-12,178,221,127,-54,50,66,-269,-251,-169,-180,-153,-289,-514,-359,-290,-66,-25,-388,-309,-201,-107,351,529,511,554,553,608,975,1110,708,482,493,521,358,285,278,-34,0,213,121,33,-204,-313,-258,-18,216,16,-104,-43,115,317,345,370,396,338,421,643,782,880,763,508,632,733,757,625,334,197,39,-28,-157,-315,-413,-330,-392,-625,-738,-870,-886,-601,-574,-842,-758,-597,-427,-274,-247,-317,-306,30,-34,-218,-249,-393,-372,-248,-195,-111,167,168,-161,-316,-477,-252,196,-89,-440,-426,-316,-246,-194,-179,-308,-322,-293,-99,114,-43,-198,-240,-155,53,149,247,94,-226,-415,-356,-172,-233,-467,-780,-1088,-1163,-1071,-1193,-1319,-1619,-1388,-1095,-1079,-1049,-870,-652,-554,-386,-321,-335,-176,-191,-24,363,227,-39,66,255,205,250,472,567,711,800,577,580,896,1009,1236,1234,954,865,793,851,1034,932,721,586,592,839,1017,942,578,548,625,679,640,264,-121,-146,-215,-467,-611,-792,-906,-739,-751,-687,-776,-898,-530,-391,-246,-141,-204,-164,155,403,501,591,543,613,760,886,762,820,949,975,775,524,835,953,658,457,264,343,453,283,170,-18,-333,-276,34,150,-91,-465,-542,-435,-12,-110,-357,-350,-805,-655,-403,-504,-517,-729,-807,-880,-916,-784,-786,-1018,-1152,-1063,-1044,-1020,-991,-1158,-1164,-941,-997,-819,-697,-653,-603,-611,-448,-436,-227,-261,-372,-236,-117,284,307,128,189,92,194,389,541,428,129,178,237,410,530,330,219,285,343,372,237,100,134,378,250,-183,-233,-214,-41,-110,-416,-333,-250,-469,-544,-354,-164,-318,-428,-466,-542,-380,-269,-414,-451,-315,-326,-268,-287,-460,-482,-438,-412,-430,-316,-392,-725,-476,-306,-525,-426,-253,-199,-133,-94,61,46,-65,39,275,417,429,295,138,265,528,706,930,946,813,906,1165,1594,1657,1376,1401,1615,1409,1089,1264,1368,1302,1276,1219,1307,1191,1095,1083,1217,1477,1413,1512,1635,1349,1482,1659,1586,1571,1563,1537,1532,1735,1876,1765,1551,1559,1686,1675,1522,1272,1288,1318,1261,1102,935,812,1018,1241,1093,988,809,871,1059,887,766,583,415,548,567,252,-265,-426,-494,-586,-582,-709,-951,-1046,-935,-1166,-1348,-1100,-1158,-1225,-1171,-1285,-1035,-1114,-1346,-1274,-1273,-1122,-947,-1219,-1398,-1361,-1247,-1171,-1270,-1379,-1470,-1467,-1549,-1475,-1646,-1547,-1502,-1790,-1574,-1644,-1850,-1763,-1823,-1743,-1755,-1978,-1809,-1759,-1757,-1470,-1417,-1530,-1503,-1478,-1328,-1012,-1095,-1134,-989,-1041,-1196,-1026,-717,-730,-685,-647,-1070,-1030,-650,-709,-612,-589,-762,-711,-383,-258,-436,-448,-337,-185,-197,-232,46,103,100,178,295,457,410,201,172,369,535,648,611,388,512,899,795,754,662,607,661,865,1088,862,534,309,518,681,333,439,274,17,395,438,377,329,351,575,471,395,373,418,516,515,526,408,402,587,429,520,610,429,357,232,148,244,167,190,172,104,183,183,26,27,332,215,237,257,-83,-126,75,277,224,188,88,29,150,294,313,291,432,396,379,269,244,520,438,387,357,299,328,296,218,321,476,341,292,333,394,634,731,616,572,510,458,653,828,815,469,313,589,452,-5,-56,225,173,69,-12,-196,-158,8,122,52,-215,-287,-212,-182,-173,-318,-376,-389,-466,-516,-605,-463,-332,-347,-423,-603,-623,-443,-277,-431,-636,-415,-361,-519,-467,-561,-604,-452,-578,-440,-458,-602,-406,-294,-294,-311,-392,-305,-166,-181,-248,-159,-267,-374,-217,-340,-455,-433,-589,-539,-566,-695,-605,-528,-686,-690,-431,-438,-449,-498,-637,-409,-148,-271,-397,-423,-279,-382,-370,-423,-612,-293,-100,-330,-548,-404,-105,-201,-350,-474,-626,-489,-455,-629,-658,-803,-1020,-932,-907,-943,-828,-825,-857,-955,-1019,-1117,-1053,-929,-982,-982,-1098,-1001,-973,-982,-929,-1098,-996,-859,-1125,-1188,-1134,-1122,-1119,-1257,-1115,-1136,-1145,-921,-925,-964,-946,-852,-836,-714,-503,-621,-501,-270,-132,16,159,281,440,384,633,835,1076,1325,1264,1416,1537,1630,1744,1755,1894,2135,2187,2261,2203,2152,2199,2409,2643,2601,2493,2525,2544,2628,2516,2502,2504,2322,2280,2317,2126,2194,2143,1908,1950,2027,1874,1728,1777,1830,1862,1783,1674,1479,1522,1700,1634,1531,1138,893,1182,1354,1437,1155,915,965,815,802,854,619,443,276,325,400,140,-23,-142,-213,-128,-129,-332,-618,-942,-1007,-1070,-1019,-843,-897,-1301,-1910,-2359,-2450,-2839,-3924,-5248,-6759,-8155,-8786,-9241,-9860,-9966,-9702,-9200,-8653,-8497,-8512,-8362,-8376,-8040,-7171,-6754,-6441,-5899,-5281,-4471,-3409,-2597,-1829,-1012,-607,16,633,860,1255,1399,1690,2285,2675,3278,3934,4445,4913,5530,6250,6709,7122,7630,7977,8174,8184,8363,8758,9257,9963,10100,9681,9200,9064,9125,9158,9531,10054,10309,10574,10648,11003,11501,11409,11306,11467,11424,11093,10866,10796,10292,9400,8270,7219,6269,4886,3998,3911,2946,633,-2190,-3802,-4286,-4877,-6065,-8075,-9745,-10330,-10585,-11033,-11642,-12184,-12683,-13131,-13129,-13096,-13404,-13811,-13996,-13775,-13500,-13520,-13505,-13440,-13305,-13157,-13061,-12787,-12165,-11494,-10913,-10202,-9394,-8616,-7765,-6908,-5849,-4343,-2925,-2048,-1373,-784,-458,242,999,1219,1149,1065,1055,1180,1424,1587,1641,1994,2161,2336,2533,2946,3617,3898,4322,4806,5144,5440,5643,5896,6245,6628,6909,7198,7401,7485,7658,7912,8061,8148,8003,7584,7403,7250,6921,6474,6077,5899,5590,5416,5359,4962,4843,4721,4576,4453,4246,4024,3636,3229,2873,2283,1894,1524,840,198,-403,-905,-1644,-2349,-3097,-3827,-4314,-4709,-5088,-5309,-5711,-6001,-6071,-6060,-5772,-5713,-5846,-5773,-5507,-5000,-4665,-4578,-4314,-3971,-3685,-3525,-3419,-3171,-2827,-2697,-2625,-2618,-2666,-2506,-2219,-1949,-1849,-1830,-1725,-1268,-1029,-917,-736,-398,-141,4,350,510,557,963,1015,953,1010,888,937,1019,941,903,921,829,631,536,538,524,530,687,858,934,1057,1209,1168,1566,1682,1458,1664,1722,1732,1963,2083,1931,1807,1979,2161,2213,2319,2222,2041,2182,2213,2030,1989,1901,1829,1909,1920,1520,1303,1312,1192,1088,961,821,815,623,301,195,222,115,-117,-286,-259,-119,-163,-433,-485,-410,-285,-272,-280,-383,-604,-480,-394,-248,-158,-210,-196,-42,-3,-46,77,168,175,346,360,44,-3,215,279,192,-8,-151,-103,-139,-102,-102,-153,13,16,-168,-171,-136,-147,-45,-231,-516,-522,-611,-709,-535,-814,-1012,-783,-555,-501,-734,-780,-594,-533,-566,-543,-544,-726,-744,-621,-739,-636,-597,-985,-1055,-987,-924,-847,-841,-769,-775,-637,-548,-652,-657,-628,-564,-724,-1032,-938,-1138,-1254,-1098,-1323,-1550,-1701,-1748,-1920,-2001,-2051,-2165,-2093,-2177,-2284,-2209,-2125,-2015,-1815,-1657,-1716,-1844,-1501,-1317,-1455,-1346,-1178,-1077,-1142,-1253,-1176,-1142,-1020,-905,-1119,-1214,-1199,-1167,-1023,-1039,-1067,-1023,-935,-851,-859,-847,-787,-634,-546,-491,-604,-487,-61,-39,-62,12,34,216,402,462,470,446,661,666,382,273,333,259,153,371,403,242,271,275,583,676,488,554,645,752,923,808,733,797,901,1042,1112,982,872,1010,1058,1021,1140,1138,1001,1132,1067,1019,1017,887,1091,1319,1144,906,833,795,737,926,1059,735,553,600,717,716,553,583,670,850,790,443,451,575,855,902,811,679,717,966,949,904,963,881,931,992,918,964,776,814,878,767,710,717,791,617,417,394,399,544,628,356,346,401,243,361,365,294,399,176,186,451,482,414,570,489,350,447,272,236,299,216,243,177,204,257,4,-244,-320,-104,-26,-78,-182,-281,-41,124,136,58,-105,-48,266,486,429,232,326,446,486,498,306,386,513,219,371,474,377,457,374,381,510,487,394,310,309,219,159,41,-137,-188,-200,-158,1,-166,-427,-351,-308,-320,-215,-476,-539,-361,-300,-96,-71,-421,-448,-39,32,-115,-93,-19,53,-33,5,96,22,63,94,175,131,7,8,-94,-109,0,77,-87,-268,-139,-159,-118,-248,-426,-412,-481,-527,-656,-559,-513,-624,-560,-617,-701,-791,-602,-429,-705,-661,-526,-639,-671,-597,-691,-612,-594,-706,-859,-885,-716,-664,-560,-555,-786,-823,-795,-503,-500,-770,-713,-624,-476,-394,-578,-692,-738,-670,-514,-841,-975,-1018,-1000,-794,-771,-659,-685,-815,-571,-349,-333,-355,-245,-214,-122,-89,-255,-83,-76,-328,-110,-235,-253,61,-30,2,-49,-149,161,259,302,416,230,306,419,413,400,274,375,431,262,262,410,356,152,321,287,180,329,262,186,119,45,158,360,381,268,287,495,516,378,475,347,360,489,425,408,434,360,274,120,66,71,-90,-235,-194,-229,-279,-288,-197,-55,-189,-302,-292,-118,59,11,-174,-243,-9,117,5,33,56,2,212,196,242,389,281,293,436,455,413,524,426,452,578,426,489,567,542,626,483,318,182,67,317,400,263,195,87,210,171,101,64,-165,-115,-109,-343,-140,-99,-219,-218,-358,-301,-271,-308,-117,-183,-228,-232,-90,50,-75,-29,9,49,67,-3,66,97,195,308,212,407,442,640,965,729,827,1019,1060,1328,1357,1285,1359,1278,1225,1401,1579,1472,1460,1688,1788,1737,1614,1695,1722,1796,1758,1555,1554,1394,1321,1197,869,852,522,232,268,-4,-277,-399,-555,-606,-489,-527,-684,-754,-905,-933,-582,-534,-661,-744,-974,-808,-589,-809,-835,-814,-894,-1027,-920,-666,-695,-744,-818,-909,-862,-710,-718,-825,-1105,-1097,-1006,-1158,-1126,-1239,-1264,-1315,-1434,-1214,-1304,-1357,-1416,-1418,-1493,-1632,-1491,-1718,-1864,-1680,-1677,-1640,-1565,-1520,-1359,-1445,-1321,-1139,-1251,-1201,-1048,-949,-996,-915,-894,-1073,-947,-861,-761,-848,-1253,-1154,-893,-881,-710,-844,-840,-658,-517,-291,-254,-394,-453,-143,192,327,353,392,512,667,894,971,722,647,763,810,850,611,546,680,540,281,258,288,281,490,560,376,435,539,435,487,587,425,425,402,461,467,275,414,410,221,276,341,337,320,253,219,354,463,336,217,171,156,117,160,176,247,206,203,307,122,159,299,142,169,259,312,329,368,365,418,548,435,569,404,281,450,372,468,569,513,432,345,418,447,463,403,406,445,389,415,419,392,393,522,431,218,347,493,569,461,309,460,531,354,181,175,283,428,454,257,173,335,168,126,363,151,140,265,80,96,139,88,83,0,-38,29,-8,-47,-71,-110,-51,-111,37,108,-28,89,264,80,204,238,119,315,373,278,221,170,77,116,251,180,118,245,133,9,157,123,35,218,184,120,181,218,257,272,407,449,388,467,455,283,243,365,484,388,598,707,705,737,633,753,655,524,515,329,379,351,159,191,114,-3,35,146,257,148,34,81,206,299,86,-40,-65,-96,-191,-234,-123,-72,-120,-319,-371,-270,-319,-335,-230,-350,-463,-319,-429,-556,-455,-444,-332,-457,-717,-614,-344,-243,-419,-508,-507,-368,-239,-155,-248,-486,-454,-336,-281,-270,-471,-597,-631,-414,-204,-546,-527,-382,-399,-403,-427,-426,-532,-367,-360,-610,-615,-764,-746,-522,-558,-596,-535,-484,-505,-369,-355,-497,-188,478,1227,1759,1878,1639,879,-312,-1332,-2266,-2590,-2377,-2009,-1382,-1197,-841,-306,-252,14,386,585,706,838,757,579,667,697,857,781,648,653,520,495,625,608,608,512,336,594,357,196,228,-154,-304,-390,-445,-409,-657,-897,-1064,-1130,-1072,-1177,-1365,-1419,-1353,-1056,-751,-645,-506,-340,-241,-247,-78,-76,-144,-29,-160,-264,-194,-232,-218,-239,-231,-365,-453,-400,-783,-823,-896,-1060,-1031,-1360,-1885,-2073,-2226,-2648,-2932,-3203,-3936,-4525,-4900,-5770,-7183,-8729,-9924,-11813,-14813,-17740,-20426,-20306,-14970,-6397,1168,4326,5385,8361,13713,19809,23966,25469,26567,28557,31473,32764,32360,32328,32128,29875,24925,19309,12954,5618,-1249,-6615,-10208,-13157,-15964,-18521,-20898,-22251,-22073,-20936,-19306,-17467,-15458,-13612,-12098,-10554,-8845,-7182,-5792,-4998,-4519,-4179,-3868,-3926,-4200,-4265,-4611,-5292,-6143,-7092,-7825,-8142,-8230,-8290,-8236,-7553,-5649,-3378,-1886,-1408,-2052,-3817,-5569,-5898,-4921,-4079,-4267,-5382,-6268,-6199,-6007,-5841,-5251,-3780,-1642,465,2083,3321,4763,7064,9995,12858,15611,17778,19411,21156,22782,24484,25724,26393,26828,26764,26346,25642,24663,23621,22361,21253,20272,19335,18412,17223,15938,14501,12787,10914,9131,7308,5255,3053,822,-1125,-3065,-5015,-6984,-8884,-10339,-11557,-12907,-14068,-14872,-15329,-15675,-15692,-15388,-15293,-14901,-14131,-13400,-12842,-12240,-11549,-10474,-9613,-9001,-8236,-7742,-7154,-6471,-5785,-5231,-4944,-4393,-3780,-3475,-3095,-2681,-2435,-2199,-1962,-1686,-1536,-1452,-1215,-1099,-995,-809,-878,-992,-910,-1048,-1061,-867,-971,-1272,-1240,-1056,-1296,-1165,-1168,-1298,-1149,-1225,-1164,-1115,-1056,-906,-881,-595,-408,-505,-301,30,80,205,286,154,317,653,641,448,417,673,1033,1025,729,815,1147,1061,911,838,918,1007,988,801,666,839,842,739,687,572,340,319,284,81,88,-23,-69,82,-155,-189,62,-5,66,134,179,313,417,584,581,523,522,503,625,419,298,288,178,182,204,166,90,253,371,224,231,222,338,441,379,578,404,426,752,676,430,329,498,476,544,533,150,-26,1,-52,-144,-234,-26,227,343,463,353,286,184,28,213,336,468,666,473,247,322,321,291,47,-199,-89,184,219,-354,-1061,-1896,-2604,-2696,-2442,-1653,-383,728,1574,3029,5457,7312,7219,5513,4177,3559,2881,1531,-576,-2120,-2856,-3464,-4118,-5040,-5570,-5382,-5244,-5067,-4904,-4395,-3682,-3027,-2392,-1883,-1224,-453,-36,506,991,1114,1351,1441,1593,1605,1439,1372,1382,1424,1376,1265,1221,1232,1099,884,699,458,70,-290,-613,-1087,-1360,-1748,-1931,-2063,-2327,-2165,-2073,-1975,-1722,-1462,-1081,-940,-328,83,106,519,801,925,1049,1176,1071,939,1025,892,711,854,749,603,660,583,533,661,1036,1116,995,1007,1121,1328,1527,1448,1452,1506,1440,1459,1599,1439,1289,1132,1014,1345,1383,951,845,780,781,977,836,822,910,694,666,724,808,850,636,583,459,239,523,402,228,105,-335,-383,-382,-373,-535,-659,-737,-871,-672,-654,-785,-719,-737,-747,-838,-761,-540,-465,-328,-56,303,241,-82,-270,-317,-294,-442,-425,-420,-654,-675,-508,-415,-307,-264,-390,-346,-174,-244,-193,-60,-40,-63,-111,-105,-19,-108,-236,48,254,307,435,383,328,244,252,380,435,513,312,538,650,434,538,227,220,272,10,95,33,-90,-190,-93,152,315,453,398,604,772,784,1079,894,849,878,856,957,762,724,490,-3,-220,-414,-434,-509,-517,-384,-434,-373,-474,-605,-348,-390,-395,-299,-447,-293,-303,-380,-485,-675,-535,-642,-910,-862,-806,-860,-1020,-1186,-1396,-1304,-1036,-1022,-947,-873,-1010,-910,-635,-437,-483,-401,-169,-174,-106,156,142,229,442,370,549,737,614,503,658,855,1019,973,1011,1052,943,1120,1340,1211,1212,1318,1096,1065,1108,1183,1159,1006,1147,1265,1179,1240,1180,1198,1380,1367,1211,1046,980,1125,1055,863,664,457,615,621,520,504,418,203,251,355,142,103,134,-36,-77,-228,-342,-390,-417,-361,-633,-833,-539,-493,-530,-466,-681,-588,-549,-510,-542,-640,-465,-495,-563,-531,-464,-370,-439,-477,-366,-184,-134,-300,-269,-285,-196,-8,-248,-353,-402,-338,-284,-416,-503,-423,-341,-425,-465,-427,-619,-528,-400,-685,-727,-577,-775,-753,-540,-536,-769,-683,-442,-471,-359,-309,-441,-440,-504,-517,-485,-564,-596,-610,-722,-809,-749,-887,-908,-837,-1064,-1044,-1110,-1096,-1082,-1182,-959,-1022,-1118,-1039,-1069,-1007,-951,-920,-918,-1044,-880,-665,-829,-873,-716,-611,-695,-583,-487,-653,-549,-379,-397,-368,-365,-349,-303,-298,-255,-226,-157,-208,-36,128,63,274,133,200,546,483,546,650,589,678,786,779,1007,884,631,907,1042,848,815,911,997,943,919,1084,1091,963,1086,1116,966,1082,864,1025,1082,726,844,772,659,672,666,665,618,562,806,794,686,920,1081,1017,1025,1156,1318,1431,1363,1371,1372,1390,1549,1528,1484,1473,1456,1474,1510,1463,1460,1521,1509,1470,1273,1170,1262,1313,1278,1187,1093,892,893,879,718,637,519,438,473,421,259,205,240,149,33,-8,-166,-75,-93,-185,-102,-292,-280,-205,-351,-598,-666,-536,-500,-612,-789,-815,-745,-642,-792,-969,-878,-963,-948,-875,-883,-943,-930,-911,-822,-763,-979,-856,-682,-839,-871,-800,-879,-797,-645,-745,-756,-691,-645,-509,-536,-743,-597,-481,-493,-410,-453,-559,-615,-546,-480,-662,-540,-589,-818,-662,-746,-634,-600,-869,-933,-947,-773,-800,-982,-1001,-1067,-1000,-816,-826,-910,-962,-831,-676,-717,-728,-764,-507,-436,-607,-554,-629,-468,-346,-460,-438,-389,-378,-265,-248,-118,-137,-297,-174,-108,-64,-219,-248,-237,-303,-220,-217,-164,-327,-482,-316,-350,-525,-443,-528,-621,-430,-466,-545,-305,-272,-379,-183,-132,-150,-22,-208,23,183,-12,-90,16,142,205,204,-9,-62,151,24,-60,-38,-79,56,2,0,90,-111,39,150,-28,32,66,71,255,190,175,314,296,163,197,326,371,233,156,283,250,186,334,441,308,258,313,416,433,317,286,397,344,459,453,294,375,430,382,334,355,240,199,146,141,236,95,53,217,183,42,186,195,96,261,284,269,502,400,281,374,292,344,491,252,283,391,390,329,157,273,273,323,592,437,133,262,81,-200,-25,-74,-223,-138,-162,-230,5,24,40,123,-24,38,101,215,227,26,-25,109,112,72,134,5,-55,47,43,-15,-64,-86,-206,-208,-80,-70,-105,-103,-88,-188,-291,-183,-145,-188,-280,-264,-375,-203,-30,-154,-223,-144,-54,8,-16,-85,-7,-80,-45,-63,15,104,53,-19,-205,-206,-98,-140,-168,-304,-260,-270,-197,-113,-227,-158,-304,-392,-269,-389,-487,-405,-322,-284,-291,-238,-123,-21,27,22,36,22,18,112,1,-79,-123,-116,-91,-224,-184,-213,-267,-171,-102,-113,-208,-83,-136,-288,-136,-12,-9,-98,-103,13,0,-90,-32,136,210,90,204,162,101,353,249,219,275,153,92,-69,25,10,-88,-193,-365,-215,-171,-99,-54,-228,-121,-75,-45,58,-57,122,158,16,138,172,259,302,37,66,195,268,226,70,168,183,145,137,150,87,-126,16,67,-115,-184,-193,-150,-64,8,-145,-217,-13,-58,-165,-225,-273,-4,-18,-145,64,63,10,98,117,71,-44,-51,-108,-107,-154,-186,9,-67,-192,-107,-62,49,180,45,-63,-1,198,222,145,183,233,319,276,328,182,211,224,-2,35,63,13,-88,-118,-220,-281,-156,-106,-127,-137,-89,-141,-197,-67,-94,-173,-38,-36,66,86,56,67,88,178,42,-146,-175,-132,-78,-253,-303,-233,-138,-151,-191,-42,-204,-90,70,-77,-58,-132,-155,-24,-177,-381,-481,-451,-422,-572,-738,-689,-645,-584,-461,-520,-530,-386,-359,-608,-499,-362,-535,-523,-437,-495,-547,-487,-469,-343,-325,-377,-353,-341,-362,-366,-324,-265,-239,-306,-213,-303,-359,-266,-303,-168,-280,-518,-319,-445,-443,-320,-470,-482,-367,-333,-296,-251,-243,-357,-277,-93,-178,-138,51,-21,151,293,321,382,397,372,496,495,448,474,462,494,530,546,528,596,637,636,748,715,805,869,934,1149,1047,875,907,889,900,958,697,563,461,217,18,-124,-60,138,37,-187,-227,-168,18,-17,-21,-2,75,248,107,61,114,104,49,71,194,420,563,556,574,683,944,1372,1472,870,221,15,-443,-1124,-1726,-1695,-1560,-1752,-2076,-2347,-2213,-2050,-2006,-2049,-2016,-1762,-1531,-1497,-1458,-1280,-1135,-996,-918,-786,-579,-378,-140,40,37,301,466,386,487,558,618,748,729,765,848,732,623,566,525,513,338,238,207,32,-91,-122,-481,-588,-607,-839,-835,-977,-998,-775,-959,-1043,-845,-844,-749,-653,-591,-485,-489,-363,-340,-171,-150,-164,-22,25,227,293,330,508,650,674,696,839,854,835,841,754,746,779,836,961,919,799,1052,1142,915,914,938,923,875,821,922,918,899,928,899,988,934,833,765,586,478,575,391,325,454,251,207,208,268,216,148,108,13,8,-234,-352,-377,-491,-443,-698,-741,-500,-548,-658,-650,-686,-574,-554,-475,-577,-817,-708,-507,-515,-762,-778,-636,-638,-691,-519,-645,-819,-584,-518,-631,-647,-709,-569,-417,-600,-578,-433,-354,-440,-309,-251,-455,-287,-123,-186,-133,-125,-5,35,48,-127,-328,-185,-307,-473,-689,-762,-611,-526,-570,-577,-508,-322,-125,-126,-239,25,346,203,317,401,414,536,553,605,720,842,798,802,900,981,930,982,1117,1000,913,964,869,925,842,639,616,573,502,499,375,166,358,365,237,246,129,78,230,269,333,312,272,351,396,504,679,511,370,400,407,356,328,253,118,212,165,-24,48,-7,-97,-162,-169,7,-113,-219,-237,-258,-206,-316,-291,-413,-379,-210,-335,-331,-286,-325,-285,-192,-196,-235,-131,-64,31,226,19,65,224,96,187,98,-76,-96,-218,-249,-234,-285,-531,-594,-459,-644,-657,-633,-593,-603,-562,-439,-609,-546,-368,-630,-448,-224,-442,-487,-396,-456,-412,-301,-424,-499,-420,-376,-380,-306,-381,-410,-328,-444,-414,-370,-464,-361,-326,-357,-376,-475,-418,-236,-191,-310,-146,-156,-216,-97,-246,-234,-158,-176,-271,-452,-386,-361,-471,-272,-384,-494,-325,-360,-271,-301,-300,-208,-182,-187,-335,-182,25,-146,-25,-41,46,133,154,172,-3,24,-19,-201,-78,-87,-61,55,-88,-44,110,161,339,370,388,414,445,486,571,521,464,546,580,504,291,322,347,374,410,228,79,256,417,382,359,392,441,401,486,519,400,418,423,464,542,523,399,570,645,566,615,628,651,693,663,564,480,512,544,182,161,444,366,415,305,291,501,469,426,405,382,448,395,337,281,174,192,201,133,36,-49,-21,-106,-234,-455,-612,-465,-518,-574,-541,-666,-684,-660,-657,-601,-664,-621,-499,-505,-485,-462,-276,-130,-152,-37,-65,-39,6,-124,-146,-93,-191,-215,-111,-344,-375,-123,-47,-37,-162,-45,10,-78,67,22,-66,-91,-198,-183,-216,-241,-256,-373,-306,-178,-105,-12,-103,-108,3,-99,-55,-42,-186,-338,-296,-202,-337,-331,-260,-382,-239,-147,-191,-206,-295,-107,-148,-183,-36,-256,-288,-231,-274,-251,-325,-304,-353,-463,-335,-393,-423,-289,-365,-371,-308,-57,5,-207,-106,68,-37,-24,-40,-103,-136,-163,-99,2,10,-72,-7,-151,-39,7,-166,64,-127,-228,-204,-212,122,54,-347,-94,-15,-59,155,-36,-135,-202,-84,8,-104,-102,-199,-45,117,-70,16,-33,-90,32,-17,-26,-129,-116,-5,0,48,-33,-21,16,24,65,82,-3,-42,-66,-25,-57,-102,-62,-196,-42,-34,-242,-30,-21,-101,-82,-35,109,170,119,68,312,331,137,201,245,380,299,151,287,327,560,576,490,603,599,750,751,751,808,737,711,833,721,629,668,642,853,669,599,775,753,773,849,862,737,760,979,789,644,909,968,902,926,992,994,881,1009,1007,718,714,613,574,607,459,368,349,402,517,364,194,318,258,183,97,-9,60,118,165,-84,-207,-75,0,38,69,-112,-204,-137,-167,-230,-272,-203,-220,-399,-408,-449,-365,-326,-543,-591,-458,-515,-488,-482,-559,-524,-482,-461,-615,-786,-648,-692,-589,-679,-713,-699,-927,-892,-940,-973,-1026,-1081,-1017,-1047,-1094,-1143,-1008,-1010,-1064,-1047,-1061,-1061,-1058,-1172,-1190,-1095,-1009,-988,-897,-898,-909,-826,-683,-599,-716,-733,-542,-477,-522,-307,-317,-369,-186,-164,-191,-76,-49,-41,-98,-122,-167,-315,-319,-265,-318,-240,-312,-291,14,-178,-321,-171,-15,45,29,14,-33,99,116,195,226,234,161,60,243,207,55,102,122,156,135,144,178,93,25,-56,-7,19,-106,-131,-244,-232,-50,-106,-255,-26,41,51,248,121,130,339,385,291,304,330,357,419,336,401,453,420,599,483,397,669,435,354,628,556,411,303,234,389,452,344,329,374,350,379,370,534,443,295,325,153,144,121,22,56,-19,-166,-69,-48,-58,-13,-82,-27,74,83,32,60,173,195,267,273,334,388,208,279,342,312,300,378,400,207,386,550,580,606,398,441,577,299,209,248,205,83,63,88,81,177,96,-74,-110,28,-61,-213,-198,-282,-285,-203,-152,-128,-110,-210,-30,55,-64,-45,-1,-74,-42,-57,-218,-272,-166,-157,-204,-215,-344,-300,-118,-64,-125,-39,95,25,135,250,61,160,137,-55,14,5,72,7,-54,-8,-50,78,224,35,-52,-54,92,245,31,-126,-108,-266,-190,-73,-288,-343,-227,-177,-263,-124,-8,-216,-102,-59,-33,-21,-162,-34,-146,-150,-141,-361,-226,-406,-382,-425,-617,-445,-525,-702,-665,-527,-648,-558,-448,-468,-434,-495,-540,-391,-265,-342,-369,-350,-414,-225,-170,-428,-366,-301,-350,-241,-253,-293,-149,-157,-204,-88,-198,-239,-161,-125,-116,-135,30,-50,-28,191,138,283,336,189,242,379,468,314,405,449,324,483,606,702,814,847,953,994,987,1079,1121,1009,850,887,1029,742,658,733,609,561,489,314,256,305,321,170,326,248,212,315,52,133,54,-16,98,98,-85,-235,-106,-116,-78,30,-129,-94,-23,-180,-308,-298,-326,-361,-251,-385,-455,-193,-399,-407,-309,-320,-171,-54,-175,-343,-239,-86,11,-119,-132,-173,-208,-106,-76,15,-19,-244,-267,-275,-273,-176,-180,-259,-333,-306,-267,-210,-368,-417,-230,-279,-414,-263,-286,-230,-273,-181,43,103,-13,170,301,152,64,61,187,162,91,111,136,168,259,409,411,385,358,355,374,382,378,177,335,318,171,246,264,392,448,249,320,332,331,461,347,194,140,189,215,179,117,-91,37,132,2,-72,-180,-49,-163,-384,-192,-299,-362,-277,-336,-399,-370,-433,-404,-341,-523,-495,-404,-424,-517,-545,-441,-475,-429,-498,-367,-299,-432,-379,-335,-217,-167,-110,-33,-206,-238,-84,-187,-365,-370,-295,-527,-745,-582,-538,-549,-580,-684,-667,-697,-689,-669,-776,-616,-496,-528,-583,-377,-273,-401,-321,-166,-122,-55,-51,90,189,208,314,316,314,419,668,667,630,675,613,575,614,422,228,252,285,306,176,62,-21,107,72,22,-133,-212,59,-17,-104,-108,-315,-155,13,-149,-116,-225,-246,-40,-119,-199,-153,-104,-22,-21,-159,20,322,230,71,35,229,214,126,97,-108,71,85,77,160,21,53,163,204,120,-28,18,71,76,126,96,92,230,249,157,16,72,179,186,146,276,327,219,382,360,296,502,497,523,673,556,569,695,710,784,819,718,832,841,779,788,727,724,830,644,500,539,531,760,615,236,328,231,183,219,51,78,105,116,34,-74,-49,5,120,241,182,179,144,254,251,302,380,108,26,260,16,-251,-9,7,-105,-205,-208,-23,-57,-170,-101,-178,-202,-110,-237,-311,-202,-238,-247,-177,-102,-125,-159,29,-13,-108,18,35,-62,-11,89,-64,6,46,-74,-69,-86,-173,-242,-194,-454,-494,-393,-634,-681,-660,-690,-729,-824,-770,-862,-739,-687,-935,-866,-855,-1024,-879,-837,-806,-661,-867,-775,-616,-736,-742,-815,-849,-685,-804,-1006,-869,-840,-865,-891,-863,-785,-813,-810,-726,-538,-531,-602,-461,-271,-245,-342,-136,-104,-227,29,7,-62,-34,27,131,-37,-34,-23,-202,-91,-38,-140,-319,-224,-72,-300,-455,-205,35,-183,-417,-314,-320,-408,-432,-523,-486,-515,-756,-835,-847,-845,-917,-990,-932,-1021,-966,-901,-1043,-1160,-1119,-958,-849,-915,-1011,-987,-1053,-924,-663,-865,-908,-769,-742,-696,-640,-605,-509,-424,-563,-403,-321,-153,3,-107,94,200,240,551,528,527,639,709,963,1115,1061,1209,1236,1253,1468,1503,1463,1557,1555,1642,1859,1803,1953,2093,1980,2065,2310,2545,2578,2656,2652,2570,2782,3145,3031,2984,3221,3147,3179,3136,3126,3056,2828,2739,2689,2678,2569,2356,2369,2330,2236,2091,1903,2051,1912,1534,1322,1384,1309,916,698,639,653,538,236,181,266,188,280,149,-25,-135,-158,-9,-172,-162,-358,-531,-509,-866,-789,-624,-722,-601,-580,-787,-995,-1284,-1448,-1393,-1205,-1238,-1385,-1275,-1270,-884,-382,-334,-579,-1294,-2091,-2443,-2854,-3426,-4267,-5483,-7035,-8900,-10429,-11521,-12115,-12531,-12645,-12412,-11916,-11084,-10741,-10457,-10169,-9980,-9330,-8796,-8213,-7573,-6885,-6047,-5478,-4828,-4062,-3430,-2836,-2291,-1944,-1535,-1084,-628,347,1135,1625,2569,3561,4495,5538,6264,7182,8058,8709,9676,10331,10877,11713,12044,12387,12835,13144,13345,13365,13307,13045,12650,12594,12636,12575,12762,12832,13025,13268,13124,12911,12858,12502,11342,9988,9093,8865,8581,7924,6935,5437,4118,2816,1282,77,-1329,-3148,-4716,-5839,-6419,-7272,-8695,-10119,-11824,-13220,-13179,-12802,-14092,-16145,-17363,-17363,-16551,-15937,-15943,-16058,-15595,-14647,-13355,-11867,-10304,-8635,-6997,-5627,-4159,-2592,-985,396,1894,3135,3688,4166,4383,4689,4640,3745,2831,1923,1337,990,930,1569,2537,3231,2427,566,-412,-271,359,583,-72,-1330,-2798,-3103,-2796,-2565,-2727,-3229,-3307,-3270,-2924,-2683,-2386,-1648,-1344,-581,228,447,980,1628,2162,2861,3638,4285,4850,5536,6195,6887,7489,7956,8555,8918,9027,9335,9286,9175,9175,8903,8521,8273,7821,7455,6928,6126,5487,4834,4290,3667,2856,1862,933,118,-843,-1882,-2824,-3625,-4250,-4899,-5381,-5696,-5994,-6073,-6156,-6267,-6277,-6203,-5848,-5405,-4944,-4441,-3803,-3062,-2481,-1892,-1165,-353,209,621,1135,1369,1608,1925,1991,2220,2366,2287,2289,2074,1785,1426,915,616,315,173,406,782,1219,1088,614,99,-466,-847,-1181,-1346,-1348,-1438,-1357,-1323,-1401,-951,-837,-998,-1072,-1001,-928,-1016,-974,-766,-764,-870,-768,-681,-637,-528,-695,-654,-484,-503,-440,-328,-169,-56,110,381,583,706,886,968,1082,1148,1191,1368,1339,1319,1238,1176,1309,1151,957,1017,846,709,582,378,177,139,-31,-291,-471,-520,-681,-966,-1080,-1346,-1571,-1665,-1833,-1856,-2006,-2292,-2349,-2479,-2648,-2779,-2684,-2894,-3221,-3161,-3182,-3494,-3454,-3378,-3528,-3541,-3629,-3672,-3518,-3342,-3335,-3357,-3221,-3186,-3046,-2830,-2877,-2647,-2461,-2474,-2344,-2420,-2327,-2164,-2159,-2048,-1986,-1837,-1741,-1698,-1537,-1278,-1168,-1009,-953,-971,-666,-481,-454,-381,-320,-260,-175,-278,-193,-12,-235,-160,-2,-128,-39,-116,-69,110,-24,114,106,29,237,133,40,-2,23,94,-59,51,5,-215,-85,20,-208,-122,33,26,156,251,162,300,577,574,720,857,1022,1255,1211,1535,1474,1270,1669,1627,1621,1707,1677,1631,1405,1502,1467,1380,1480,1326,1215,1316,1180,1021,1121,1222,1140,1166,1284,1226,1307,1291,1225,1325,1225,1250,1242,1174,1233,1195,1205,1074,1000,1056,896,902,780,672,611,492,339,263,258,188,119,91,59,147,163,121,238,191,152,214,205,197,148,266,343,121,72,91,72,117,-50,53,-74,-121,95,-88,-77,47,-65,-56,117,176,117,258,221,219,399,403,461,284,365,408,259,360,451,477,404,233,382,490,461,687,595,535,834,713,644,734,682,740,684,637,647,683,789,695,591,661,701,763,854,897,788,804,963,986,966,992,1084,1179,1238,1241,1203,1188,1290,1229,1019,1065,1047,903,823,698,625,554,651,592,458,629,623,603,549,530,527,473,634,733,726,703,805,1084,1305,1424,1631,1654,1661,1906,1922,1873,1823,1885,1858,1789,1712,1595,1570,1358,1074,793,581,525,234,-29,-119,-246,-408,-515,-711,-722,-832,-1017,-1102,-1056,-1364,-1526,-1426,-1731,-1921,-2049,-2262,-2196,-2359,-2560,-2376,-2455,-2663,-2647,-2648,-2885,-2845,-2830,-2938,-2945,-3067,-3017,-2898,-2866,-2865,-2837,-2769,-2655,-2517,-2444,-2493,-2360,-2067,-2183,-2194,-1956,-1853,-1807,-1505,-1362,-1342,-1166,-1076,-1126,-1033,-1014,-1091,-1063,-1152,-1115,-1225,-1346,-1214,-1391,-1497,-1431,-1508,-1481,-1368,-1393,-1310,-1062,-1084,-1186,-1070,-843,-577,-568,-533,-423,-323,-17,-45,-12,290,323,359,486,559,670,622,645,815,878,779,743,962,980,911,1034,796,711,915,942,880,744,818,907,886,945,813,876,852,850,1030,889,874,1033,998,988,971,1015,1087,1040,987,976,1014,955,965,1018,878,878,844,856,905,763,811,839,655,665,617,593,653,460,422,375,441,502,241,352,467,284,473,378,316,371,296,436,377,356,392,294,279,265,134,194,227,252,146,-57,-22,22,-85,-102,-38,-139,-95,21,-91,-249,-232,-129,-141,-293,-253,-235,-272,-280,-385,-217,-241,-290,-122,-199,-170,-171,-234,14,14,-5,-27,-114,74,35,-70,-54,-125,-83,-101,-96,-63,24,155,36,21,-95,-18,217,90,89,127,103,144,330,304,152,158,57,20,-86,-132,-180,-270,-200,-385,-372,-208,-496,-475,-383,-443,-342,-237,-316,-290,-140,-28,92,84,216,213,372,497,358,457,461,588,697,590,536,567,574,655,724,623,624,504,486,347,257,205,-12,17,-164,-263,-84,-206,-146,28,-53,91,231,257,442,588,612,598,756,760,657,659,731,684,482,473,598,627,676,557,631,573,401,536,608,416,478,516,516,569,520,492,685,710,504,695,687,477,546,336,104,112,137,157,-74,-148,-101,-80,-102,-239,-265,-275,-268,-314,-581,-686,-826,-980,-1006,-1026,-994,-929,-1033,-942,-746,-531,-321,-18,381,723,1144,1772,2246,2478,3364,5281,5757,3137,64,-1744,-2428,-1690,235,2868,4429,4131,3660,3126,-2429,-11939,-15041,-9611,-2488,1228,141,-2563,-4163,-4675,-4998,-5591,-5898,-5506,-4651,-3728,-2683,-1374,-154,599,1319,1923,2252,2295,2452,2826,3070,3098,3121,3246,2714,2233,1992,1639,1270,787,185,-850,-1589,-2009,-2584,-2912,-3084,-3509,-3445,-2805,-2118,-1199,-423,573,1021,388,50,262,434,122,-1175,-2897,-2015,2296,7343,9425,6716,2253,-656,-1489,-1405,-1241,-993,-929,-506,378,1156,1824,1905,2099,2254,1969,1577,1227,695,351,302,90,-228,-221,-250,-420,-605,-688,-603,-632,-673,-483,-533,-513,-325,-283,78,249,-259,-837,-1662,-3164,-5557,-8391,-8120,371,14001,19997,13284,1506,-6720,-8472,-5832,-3064,-2398,-3111,-3154,-1584,450,1271,1112,702,354,404,-40,-798,-1314,-1662,-1471,-1219,-875,-355,70,528,960,1204,1177,1047,824,484,72,-591,-1625,-3486,-6281,-7833,-2600,10674,20256,17215,6880,-2091,-5426,-4087,-1876,-1455,-2967,-3862,-2764,-544,1110,1402,978,861,1098,931,195,-751,-1479,-1577,-1674,-1988,-1963,-1809,-976,210,1776,3591,4524,4802,4695,4138,3192,1907,656,-551,-886,-712,-647,-375,222,1329,1980,1919,832,-881,-1711,-1505,-1055,-1170,-1657,-1896,-1808,-1367,-997,-1134,-1242,-1308,-1330,-1196,-1088,-894,-801,-729,-467,74,679,1180,1733,2180,2636,3029,3273,3198,2958,3147,3172,2873,2768,2638,2525,2327,2008,1703,1449,1040,507,-56,-855,-1802,-2650,-3213,-3699,-4449,-5412,-6407,-7701,-9710,-12274,-13072,-7200,5386,15052,13848,5503,-2110,-4730,-2825,-164,1167,1338,1714,3511,5193,5510,4781,3532,2585,1819,917,-286,-1437,-1957,-2103,-2040,-1596,-1545,-1458,-1105,-1238,-1289,-1324,-1039,-889,-1212,-1130,-1334,-1505,-1372,-1527,-1849,-2236,-2851,-3713,-4679,-5716,-5896,-3279,3161,9683,10753,6484,1309,-1892,-2175,-680,419,576,562,1110,2222,3146,3473,3243,2687,2292,1782,1228,626,-238,-832,-1042,-1221,-1392,-1440,-1378,-1293,-1280,-1078,-982,-954,-854,-745,-572,-465,-215,-139,93,411,601,789,883,760,297,-241,-648,-1285,-2759,-4760,-6460,-7276,-7078,-6902,-7367,-7652,-7624,-8155,-9001,-9642,-9589,-9855,-12171,-15822,-18238,-17092,-11469,-2897,4800,8719,10378,13761,19387,24254,25696,24558,23999,25299,27887,30235,31675,31760,29669,26337,22356,17538,12441,6831,846,-4589,-8858,-11575,-13425,-15239,-16912,-18166,-18669,-17982,-16077,-14029,-12193,-10184,-8524,-7106,-5660,-4707,-4011,-3518,-3175,-3101,-3451,-3791,-4354,-4798,-5121,-5544,-5855,-6199,-6506,-6658,-7002,-7320,-7274,-6995,-6727,-6437,-6185,-5981,-5457,-4957,-4695,-4443,-4397,-3967,-3410,-3127,-2885,-2641,-2326,-1700,-740,376,850,229,-1006,-2037,-1930,-1159,42,1772,3681,5529,6417,6107,4435,2188,883,669,427,-165,-814,-1440,-2321,-3823,-5186,-5495,-4649,-3181,-1814,-883,-29,973,2621,4821,7208,9493,11536,13177,14603,16017,17045,17721,18459,18946,18948,18760,18128,17235,16594,16100,15763,15664,15484,14967,14229,13502,12645,11658,10620,9476,8050,6447,4930,3358,1657,228,-1064,-2625,-4220,-5705,-7087,-8015,-8988,-9856,-10583,-11116,-11316,-11359,-11334,-11243,-10924,-10700,-10349,-9843,-9454,-8940,-8599,-8044,-7550,-7239,-6750,-6493,-6054,-5510,-5100,-4630,-4173,-3803,-3334,-2759,-2413,-2103,-1692,-1393,-1179,-807,-714,-696,-582,-508,-404,-401,-364,-367,-375,-378,-415,-455,-469,-556,-611,-690,-951,-916,-854,-1080,-966,-993,-1114,-1051,-1113,-953,-978,-1076,-991,-878,-754,-865,-860,-577,-430,-279,-324,-400,-262,-131,-247,-203,-72,89,79,31,-128,-61,210,266,159,35,199,305,255,41,-45,33,172,-13,-39,-23,-6,-44,-3,117,-80,5,149,167,192,181,358,518,514,607,666,705,852,755,889,962,969,984,868,946,822,763,843,752,874,840,819,1024,1226,1205,1056,1222,1322,1304,1226,1060,1056,1126,1033,962,878,780,880,990,843,723,650,655,741,634,459,421,453,379,227,365,240,101,234,202,136,134,-29,-161,-83,-34,-247,-348,-395,-504,-575,-597,-607,-643,-678,-738,-777,-958,-1031,-839,-1038,-1253,-1076,-1328,-1472,-1271,-1253,-1270,-1222,-1151,-1391,-1459,-1229,-1149,-1129,-1068,-966,-970,-795,-739,-869,-716,-652,-642,-610,-594,-655,-420,-294,-309,-380,-478,-305,-290,-403,-468,-598,-647,-570,-565,-736,-748,-675,-726,-759,-626,-563,-623,-490,-321,-247,-71,-43,-76,37,51,160,209,135,82,54,219,155,151,205,189,253,329,376,316,346,530,503,422,337,308,518,472,278,266,175,352,597,369,227,288,345,439,321,263,138,296,334,255,244,149,214,309,203,275,219,183,385,530,802,767,721,861,773,715,762,739,632,378,413,347,159,157,222,244,-117,-82,54,-196,-278,-373,-501,-355,-313,-705,-536,-378,-639,-516,-225,-235,-227,-85,173,391,463,635,774,667,645,559,161,3,123,-247,-485,-563,-687,-617,-762,-1030,-988,-952,-913,-851,-1116,-1077,-742,-749,-808,-879,-744,-548,-545,-440,-578,-358,-148,-311,-93,-70,-247,-125,-72,110,149,-118,-161,-78,30,145,222,298,291,100,15,-336,-826,-881,-464,-225,-288,-298,-447,-348,-119,342,728,516,390,670,1000,1357,1280,1152,1298,1479,1497,1558,1672,1594,1739,1874,2030,1980,1970,2194,2184,2075,1894,1677,1546,1391,1167,881,798,581,413,193,-23,-82,-162,-246,-355,-508,-631,-635,-669,-926,-901,-772,-978,-1049,-921,-888,-895,-861,-730,-724,-792,-574,-540,-511,-313,-317,-220,17,85,143,429,380,469,767,769,821,945,1035,993,1154,1341,1051,1131,1467,1465,1554,1487,1519,1665,1499,1506,1383,1424,1402,1193,1250,1320,1367,1431,1317,1055,648,347,215,82,101,-206,-507,-630,-682,-598,-750,-716,-731,-913,-828,-871,-798,-753,-947,-983,-988,-815,-902,-903,-649,-817,-770,-673,-599,-462,-627,-508,-223,-304,-237,-232,-157,10,-109,-55,-134,-190,-96,-218,-229,-401,-407,-276,-566,-561,-501,-613,-578,-594,-587,-687,-535,-416,-409,-558,-630,-318,-303,-365,-329,-466,-324,-82,-232,-205,-43,23,-8,32,61,-61,100,279,64,309,645,709,933,934,691,342,-165,-477,-346,-9,-280,-584,-502,-737,-505,-330,-586,-370,-324,-310,-30,-88,-220,-92,216,328,312,589,555,613,957,1127,1518,1770,1862,2158,2411,2457,2247,1999,1750,1480,1601,1590,1340,409,-1138,-1790,-1438,-1131,-1272,-1880,-2190,-1930,-1634,-1593,-1627,-1834,-2218,-1952,-1461,-1410,-1643,-2011,-2169,-1917,-1699,-1607,-1501,-1059,-714,-655,-413,-219,-70,271,712,796,367,4,-353,-447,-365,-538,-596,-913,-1195,-1099,-1017,-1111,-1239,-1128,-1210,-1202,-1118,-1210,-1084,-1012,-1065,-876,-794,-651,-385,-526,-399,-280,-112,24,109,158,40,298,333,300,460,430,477,472,467,494,342,390,422,387,350,207,286,340,367,258,134,312,239,109,269,228,65,122,171,41,39,12,33,129,87,21,68,151,116,28,141,117,58,255,236,279,401,467,550,629,509,648,750,540,688,742,601,688,737,657,835,795,722,905,795,700,782,920,892,729,809,1007,1112,989,983,634,384,1212,1737,1507,1155,852,1025,1106,866,931,907,696,549,488,327,54,256,219,-109,27,-26,-47,-107,-131,-93,-188,-231,-225,-397,-524,-462,-294,-435,-628,-603,-618,-702,-655,-690,-888,-804,-787,-877,-735,-764,-812,-566,-455,-523,-415,-288,-126,-231,-128,23,27,68,-151,-102,-95,-29,252,133,-140,20,220,321,336,252,211,354,385,382,302,223,314,345,274,417,541,472,732,604,465,596,493,394,356,289,168,256,331,336,190,-69,136,261,100,23,145,51,-13,42,27,-90,-186,-21,58,-8,-47,195,575,622,805,910,760,537,445,279,109,-1,-171,-267,-345,-415,-400,-432,-471,-472,-567,-533,-465,-602,-725,-607,-617,-704,-779,-798,-689,-723,-775,-841,-733,-652,-855,-865,-766,-842,-865,-830,-822,-811,-733,-733,-958,-815,-750,-883,-835,-821,-641,-760,-776,-597,-489,-452,-419,-379,-197,-168,-149,69,-96,5,84,-50,36,40,133,258,105,144,211,372,337,157,390,592,558,559,667,633,491,742,751,673,840,681,609,826,789,778,835,817,812,930,961,841,841,854,927,851,852,766,782,852,957,954,678,655,938,904,806,858,828,949,909,896,894,726,1004,979,740,902,979,934,977,913,815,840,1030,1058,881,983,1124,1274,1272,1363,1486,1493,1543,1392,1483,1630,1523,1654,1659,1476,1515,1485,1380,1448,1351,1124,1191,1037,858,935,655,366,270,205,382,296,135,103,-91,-259,-325,-461,-261,-289,-246,-171,-241,-220,-230,-219,-271,-338,-302,-286,-487,-553,-586,-722,-662,-849,-1175,-1103,-1010,-1072,-1350,-1410,-1240,-1173,-1155,-1202,-1335,-1147,-1103,-1285,-1285,-1335,-1400,-1313,-1313,-1639,-1932,-1618,-1419,-1750,-1719,-1667,-1769,-1716,-1576,-1572,-1658,-1515,-1245,-1245,-1022,-890,-690,-291,-257,-301,-115,58,150,97,39,-151,-257,-363,-646,-754,-750,-909,-1016,-961,-959,-948,-921,-748,-525,-582,-698,-645,-500,-602,-771,-759,-768,-701,-720,-717,-785,-726,-519,-573,-585,-533,-387,-416,-482,-384,-364,-439,-414,-352,-474,-527,-370,-398,-506,-502,-481,-446,-483,-439,-375,-400,-269,-150,-262,-163,-255,-296,-78,-287,-296,-315,-473,-290,-454,-476,-412,-508,-355,-332,-386,-255,-154,-206,-110,-116,-177,-62,63,50,-97,-76,102,119,108,143,92,273,293,175,240,220,306,298,64,212,219,168,221,163,156,187,137,170,191,164,117,223,153,165,346,161,215,448,365,331,472,472,538,653,612,525,558,585,583,590,519,500,625,625,585,490,345,282,350,326,139,276,367,179,214,240,181,300,269,184,100,153,286,149,170,100,156,142,-23,90,-9,93,93,-78,-8,-36,5,-54,-88,-43,-120,-54,-72,-52,18,-8,-28,133,244,118,139,279,336,329,378,435,344,529,625,482,445,471,494,415,421,452,366,497,414,346,353,323,282,143,170,0,-158,-75,-191,-403,-504,-522,-519,-622,-582,-576,-592,-451,-376,-373,-382,-227,-30,-69,-45,-5,16,164,95,18,-65,34,189,-35,-139,33,-47,-38,83,-112,-231,-100,-63,-224,-196,-211,-355,-196,-119,-333,-231,-58,-105,-78,-78,-70,78,69,229,317,77,239,315,205,202,185,194,197,254,280,236,228,291,161,84,106,18,30,78,-35,-188,-95,-172,-258,-270,-384,-375,-267,-242,-135,-233,-208,50,8,16,129,117,126,65,-1,6,-45,-120,-69,-116,-242,-183,-253,-535,-388,-336,-330,-200,-143,-153,-298,-235,-117,-161,-31,25,0,77,11,20,47,-3,132,51,53,57,-14,185,116,187,198,140,382,308,307,355,354,464,531,497,441,578,704,492,516,676,545,567,648,598,542,495,505,373,437,409,357,471,510,541,510,575,702,734,586,503,584,503,312,270,269,86,2,103,62,-101,-141,36,-52,-174,-123,-168,-116,-136,-268,-245,-300,-354,-424,-569,-625,-630,-563,-689,-743,-699,-627,-524,-530,-509,-481,-450,-318,-364,-465,-491,-483,-442,-519,-558,-497,-519,-648,-557,-527,-669,-559,-511,-689,-578,-613,-567,-506,-609,-540,-595,-723,-616,-585,-644,-657,-645,-615,-635,-599,-532,-484,-527,-405,-301,-304,-297,-69,-13,-126,30,182,149,163,271,227,285,378,316,259,318,378,318,307,460,427,438,620,573,685,593,544,762,713,647,566,549,679,412,363,548,369,232,285,197,94,201,106,116,206,27,114,147,147,339,541,897,1004,361,-711,-1495,-1813,-1717,-1133,-284,247,575,725,580,383,297,320,364,305,216,211,237,189,235,274,250,445,526,580,678,615,749,849,763,747,677,658,695,441,350,333,104,255,215,29,164,246,158,139,247,122,196,300,71,7,46,-21,-171,-97,-253,-290,-170,-271,-257,-198,-313,-371,-248,-362,-272,-110,-272,-176,44,24,-49,109,167,98,198,175,73,167,180,40,-14,-14,-92,-104,-37,-80,2,81,108,476,758,958,1230,1210,1010,1131,1123,985,931,607,447,451,340,361,163,32,107,-6,-130,-74,-99,-183,-163,-145,-215,-443,-370,-310,-506,-542,-460,-402,-332,-177,-89,34,133,244,152,179,103,-66,-225,-404,-375,-627,-740,-695,-1050,-993,-956,-1030,-912,-1099,-930,-758,-821,-623,-546,-525,-369,-348,-278,-182,-100,-89,-148,34,-35,-137,-208,-230,-217,-369,-363,-545,-646,-640,-797,-787,-852,-853,-801,-715,-831,-814,-520,-590,-589,-433,-515,-386,-216,-380,-305,-316,-330,-276,-356,-322,-418,-339,-282,-412,-426,-414,-369,-297,-342,-495,-496,-328,-332,-349,-251,-301,-332,-176,-298,-348,-241,-229,-174,-126,-77,-163,-33,54,38,179,239,379,573,652,770,856,887,1008,971,996,838,807,871,818,718,637,745,750,630,595,596,638,668,456,523,530,378,458,359,307,213,250,339,335,337,214,344,451,331,406,422,382,505,476,355,275,263,369,346,309,275,274,422,453,545,550,588,659,599,604,424,313,402,348,188,176,184,135,71,-54,-2,-41,-105,-46,-108,-209,-277,-183,-233,-286,-199,-247,-182,-197,-256,-187,-115,-92,-162,-168,-133,-117,-155,-256,-250,-182,-116,-185,-236,-206,-317,-334,-214,-267,-376,-393,-411,-373,-417,-489,-504,-438,-434,-498,-524,-410,-453,-522,-319,-327,-404,-353,-269,-238,-311,-311,-271,-222,-153,-159,-174,-120,-29,-25,81,91,178,361,372,548,574,688,823,824,878,799,843,938,864,842,725,707,767,616,501,532,470,511,518,482,474,501,676,627,594,655,480,543,635,464,377,514,563,470,524,518,524,515,491,502,446,542,512,394,493,355,316,364,257,307,238,200,215,183,220,101,168,128,76,130,3,-98,-21,-140,-232,-289,-376,-307,-383,-462,-555,-553,-378,-654,-691,-588,-727,-504,-571,-665,-631,-716,-667,-718,-599,-648,-748,-554,-536,-703,-595,-456,-420,-381,-434,-296,-183,-210,12,-14,-77,-31,116,250,183,173,248,277,374,386,328,389,465,369,456,381,315,475,368,332,221,254,280,200,164,154,221,433,343,408,611,639,769,728,801,876,842,988,932,923,995,934,942,896,877,753,784,813,673,736,694,663,669,525,520,601,445,499,550,221,204,257,-42,-92,-188,-495,-497,-579,-688,-700,-885,-884,-678,-825,-840,-758,-907,-794,-830,-881,-812,-949,-841,-854,-998,-883,-945,-894,-921,-1021,-976,-922,-972,-1001,-824,-878,-980,-874,-792,-890,-938,-877,-803,-839,-789,-837,-859,-708,-783,-715,-633,-540,-473,-621,-612,-500,-518,-310,-331,-399,-346,-369,-209,-271,-381,-203,-166,-135,-49,-17,-66,65,157,29,122,159,10,62,-73,-259,-208,-259,-307,-369,-472,-520,-673,-601,-548,-660,-654,-674,-561,-553,-630,-619,-512,-406,-482,-535,-569,-663,-618,-769,-945,-923,-982,-979,-963,-1122,-1105,-1018,-1022,-1034,-968,-1065,-906,-795,-903,-947,-865,-805,-766,-780,-835,-745,-700,-687,-522,-398,-272,-130,64,232,283,351,509,572,726,730,758,1074,1070,1135,1410,1580,1723,1979,2203,2364,2561,2663,2889,3113,3038,3026,3032,3127,3167,2956,2958,3071,2961,2934,2833,2698,2701,2705,2626,2625,2595,2496,2568,2407,2341,2300,2138,2042,1913,1593,1502,1401,1209,1043,941,876,741,652,554,408,327,326,191,81,44,-254,-221,-51,-206,-163,-359,-715,-843,-891,-778,-874,-1085,-1003,-1112,-1239,-1074,-1015,-1157,-1085,-1057,-1157,-838,-660,-672,-771,-1167,-1025,-641,-483,-559,-1067,-1114,-760,-474,-156,-581,-1208,-1725,-2332,-2693,-3459,-4878,-6710,-8313,-9521,-10480,-10874,-11313,-11521,-11172,-10890,-10386,-9823,-9373,-8717,-8239,-7667,-7160,-6840,-6269,-5528,-4805,-3927,-3169,-2582,-2223,-1835,-1635,-1687,-1519,-1346,-1017,-569,-295,144,606,1085,1802,2612,3482,4183,5042,6061,6744,7377,8191,8862,9447,10082,10601,11021,11661,12137,12318,12427,12216,11946,12038,11750,11590,11714,11546,11447,11739,12350,12643,12658,12648,12282,11722,10758,9954,9804,9790,9455,8700,7962,7276,6287,5022,3219,1710,1573,1221,-293,-2290,-3720,-4389,-5346,-6288,-7169,-7862,-8574,-10647,-12790,-13391,-13335,-13494,-14179,-14988,-15578,-15553,-15338,-15560,-15525,-15124,-14133,-12700,-11500,-10592,-9892,-9687,-9219,-8543,-7602,-6173,-4822,-3319,-2388,-2052,-1914,-1672,-1267,-713,6,471,549,1046,2252,3470,4149,4130,4019,3956,4641,5420,5366,5187,4715,4081,3675,3635,3461,3214,2840,2352,2402,2684,3018,3300,3111,3016,3307,3088,2792,2667,2375,2244,2333,2206,2250,2490,2704,2953,3281,3864,4151,4323,4651,4669,4847,5073,5078,4892,4736,4673,4604,4567,4324,3831,3465,3159,2962,2457,1793,1348,804,260,-175,-895,-1563,-1967,-2562,-3139,-3957,-4677,-5105,-5353,-5135,-4941,-5083,-5583,-5976,-6004,-6003,-5836,-5750,-5780,-5413,-4943,-4609,-4165,-3447,-3065,-2757,-2219,-1828,-1442,-1004,-709,-569,-476,-209,-13,68,35,-46,184,268,437,356,292,529,475,414,530,502,456,632,773,618,720,1001,993,1079,1120,1237,1241,1142,1282,1043,979,953,703,647,329,106,-112,-474,-693,-980,-1018,-757,-528,-428,-757,-891,-755,-667,-371,-442,-378,-69,-34,168,481,759,834,866,1164,1018,1078,1362,1205,1358,1363,1221,1300,1384,1276,1253,1549,1525,1456,1549,1408,1280,1265,1153,1073,1074,912,940,852,737,729,713,735,780,732,528,481,523,238,136,73,-145,-276,-560,-896,-1306,-1569,-1674,-1878,-1610,-1292,-1004,-906,-1286,-1348,-1219,-1065,-1055,-1126,-1242,-1519,-1292,-1222,-1330,-1342,-1393,-1384,-1329,-1276,-1258,-1262,-1248,-1136,-1168,-1301,-1381,-1416,-1528,-1634,-1546,-1545,-1582,-1529,-1583,-1647,-1548,-1484,-1357,-1274,-1301,-1334,-1170,-1101,-1188,-1123,-1274,-1423,-1445,-1459,-948,-449,-218,-81,-223,-71,205,374,429,157,122,230,159,117,63,-103,-252,-325,-324,-408,-639,-629,-638,-655,-581,-692,-790,-791,-781,-712,-718,-668,-605,-593,-500,-432,-359,-165,-99,45,153,166,388,485,448,328,130,130,370,842,1308,1376,1408,1503,1610,1858,1805,1828,1837,1742,1835,1832,1850,1824,1783,1745,1631,1633,1569,1562,1445,1343,1382,1352,1200,1225,1183,1064,1136,934,769,833,846,917,947,1021,1125,1126,1100,1090,1194,1220,1063,1118,1051,813,917,796,712,895,677,578,691,540,487,363,162,206,266,384,730,913,984,991,820,789,883,843,725,536,376,240,263,219,77,-93,-181,-266,-310,-367,-456,-512,-541,-576,-731,-868,-844,-915,-935,-909,-1077,-1125,-1191,-1121,-994,-1082,-1095,-881,-795,-838,-768,-712,-651,-528,-528,-589,-485,-451,-420,-355,-319,-312,-287,-200,-210,-234,-257,-273,-186,-266,-394,-391,-317,-298,-309,-156,-175,-251,-58,-58,-98,-91,-72,-65,-140,-171,-247,-231,-195,-161,-177,-202,-93,-43,-126,-116,-17,31,117,207,211,181,194,293,321,268,220,246,272,179,155,120,56,37,8,16,-35,-28,-8,-11,-82,-160,-47,-134,-269,-297,-196,-149,-260,-169,-91,-188,-59,22,-85,-105,-70,-56,-88,-226,-194,-31,-13,75,117,150,150,83,229,135,188,294,308,403,356,280,288,358,296,282,289,283,233,227,256,204,186,49,3,33,49,-98,-118,-49,-130,-189,-213,-247,-224,-158,-343,-352,-265,-382,-205,-191,-265,-101,-35,6,57,26,215,279,347,502,418,623,768,653,732,660,732,833,755,695,576,648,660,551,533,507,445,388,404,391,356,381,299,204,192,52,30,167,76,-143,-57,-75,-86,-75,-146,-123,-7,-54,-228,-135,-161,-401,-230,-243,-468,-539,-561,-482,-580,-611,-689,-719,-644,-710,-875,-901,-753,-684,-729,-774,-738,-610,-554,-514,-554,-628,-452,-288,-233,-390,-323,-319,-393,-311,-377,-402,-318,-326,-349,-292,-411,-401,-152,-251,-279,-168,-104,-37,-118,-68,-39,25,266,70,134,402,141,131,247,259,222,143,425,261,-8,220,159,96,144,130,181,125,282,364,426,446,430,532,435,414,258,212,385,117,121,164,40,189,144,265,316,328,421,355,448,465,383,515,473,396,466,478,311,255,291,262,310,333,295,304,376,432,350,285,196,131,184,115,-67,-185,-300,-391,-485,-527,-505,-517,-474,-525,-623,-619,-593,-542,-505,-529,-436,-383,-508,-445,-309,-281,-259,-237,-108,-288,-390,-221,-287,-305,-343,-476,-360,-523,-425,-391,-512,-476,-439,-416,-555,-554,-512,-522,-389,-540,-611,-546,-598,-338,-362,-502,-400,-380,-251,-281,-274,-192,-159,-69,-95,-57,-53,92,107,158,234,190,335,396,438,451,352,382,450,404,433,418,490,427,438,589,377,560,596,289,469,548,328,471,515,468,376,383,228,171,234,165,247,228,138,9,-176,-46,50,-24,1,-28,-71,-45,50,124,66,86,280,302,120,148,229,304,323,122,145,230,182,234,107,86,75,151,175,95,45,117,188,73,127,114,82,308,274,239,275,177,386,461,533,666,636,788,801,812,747,696,666,357,194,28,-168,-240,-265,-294,-418,-306,-147,-324,-265,-153,-168,-106,-107,-4,-15,-61,90,72,-18,-31,-10,85,51,10,-105,-146,-8,-204,-317,-244,-335,-314,-371,-394,-449,-509,-293,-463,-536,-358,-492,-610,-564,-479,-735,-591,-452,-583,-583,-696,-812,-699,-675,-734,-778,-759,-727,-834,-849,-657,-661,-638,-537,-629,-626,-479,-380,-361,-230,-322,-239,-147,-289,-167,-245,-251,-61,-175,-179,-125,-76,-73,-48,-36,-108,-134,62,92,-3,-3,64,75,99,240,194,265,314,280,345,265,412,510,419,471,453,443,542,525,584,517,544,634,513,596,657,654,841,809,817,933,868,855,825,592,500,626,597,399,510,430,355,473,415,402,393,377,470,519,398,470,476,475,590,643,578,629,723,745,767,859,926,1007,969,987,860,786,814,696,461,408,444,309,351,266,25,101,143,-136,-153,-248,-375,-218,-355,-467,-377,-259,-328,-265,-114,-199,-93,32,94,127,70,139,183,86,60,-47,-103,-100,18,-69,-208,-156,-150,-227,-301,-459,-487,-410,-426,-602,-634,-549,-540,-500,-456,-578,-582,-432,-360,-334,-328,-256,-125,-197,-215,-212,-238,-136,-302,-285,-223,-304,-102,-154,-236,-155,-167,-91,-49,-118,-86,-76,-97,125,29,-11,194,218,126,79,144,208,255,175,115,137,192,370,323,243,234,137,276,186,90,121,93,25,34,28,19,19,-108,-61,34,-3,11,26,-46,31,40,-77,16,7,-29,-53,-27,79,92,-91,-212,-105,-124,-225,-334,-403,-493,-510,-566,-812,-836,-822,-949,-821,-899,-1103,-919,-985,-1066,-856,-1053,-979,-719,-929,-957,-834,-850,-803,-689,-684,-778,-692,-725,-961,-845,-1013,-1264,-1244,-1514,-1565,-1714,-1985,-1926,-2008,-2211,-2631,-3015,-3185,-3710,-4353,-5356,-6831,-8803,-11430,-13345,-14280,-14723,-15500,-17658,-19331,-17027,-9745,-1243,5150,9285,12352,15630,19196,22810,26311,29163,31327,32514,32501,32320,32296,31416,29030,25680,21645,16720,11547,6548,1908,-2161,-6216,-9974,-12963,-15348,-16789,-17358,-17253,-16327,-14791,-13228,-11512,-9755,-8559,-7868,-7176,-6745,-6533,-6532,-6595,-6713,-6893,-6958,-7015,-7228,-7276,-7353,-7515,-7375,-7410,-7422,-7210,-7182,-6925,-6454,-6013,-5639,-5120,-4494,-4051,-3634,-3169,-2868,-2461,-1849,-1293,-637,293,872,1019,984,787,438,476,417,246,513,1102,2375,3246,3393,3543,3646,3794,4330,5104,5451,4219,2041,710,568,860,291,-1174,-2672,-3886,-4530,-4641,-4694,-4286,-3159,-1701,-145,1012,1805,2634,3927,5610,7155,8364,9198,9812,10390,11265,12219,12902,13176,13317,13077,12681,12627,12094,11446,11122,10673,10148,9717,9460,9058,8345,7786,6966,6250,5705,4609,3643,2702,1789,823,-149,-1103,-2073,-2904,-3697,-4516,-5104,-5892,-6441,-6755,-7323,-7551,-7774,-7944,-7768,-7551,-7310,-7166,-6986,-6378,-5880,-5614,-5285,-4962,-4628,-4288,-4024,-3849,-3651,-3263,-2881,-2706,-2497,-2236,-1861,-1459,-1356,-1263,-898,-716,-537,-403,-297,-206,-52,-21,-67,-143,-42,-17,-276,-323,-500,-673,-716,-778,-843,-1044,-1111,-1076,-1216,-1263,-1278,-1178,-1312,-1379,-1222,-1493,-1460,-1334,-1440,-1379,-1508,-1508,-1405,-1383,-1301,-1313,-1157,-963,-988,-897,-803,-548,-387,-425,-246,5,43,167,271,183,259,432,349,379,377,194,392,443,277,162,184,214,227,121,178,208,100,173,210,250,313,296,360,497,439,442,545,595,496,508,605,606,623,814,706,712,949,766,901,1082,876,896,938,879,840,731,704,786,638,658,644,636,796,693,736,874,796,964,963,861,963,878,776,849,809,682,782,818,654,806,778,656,720,753,684,623,509,542,358,302,198,-5,28,-40,-99,-208,-253,-69,-240,-233,-145,-226,-75,-91,-117,-151,-77,-19,-167,-199,-247,-295,-253,-393,-492,-483,-508,-448,-333,-385,-376,-310,-354,-449,-398,-497,-523,-327,-459,-517,-472,-600,-382,-322,-535,-423,-412,-359,-234,-105,-24,-82,-32,-169,-141,-53,-221,-55,12,-74,-95,-104,54,73,76,192,79,235,227,288,287,203,539,503,496,521,510,560,295,212,76,-111,-64,-416,-573,-519,-702,-831,-741,-715,-779,-633,-422,-282,-279,-286,-146,-186,-297,-345,-399,-356,-454,-679,-635,-724,-724,-526,-727,-598,-468,-708,-557,-552,-709,-619,-613,-533,-526,-652,-601,-524,-518,-501,-362,-326,-370,-177,-308,-316,-233,-324,-215,-206,-340,-386,-299,-104,-115,-256,-160,-61,99,121,181,317,455,606,564,514,593,582,646,607,482,552,421,333,392,316,278,169,61,103,126,-69,-97,-38,-104,-66,-101,-192,-29,-81,-36,51,14,237,170,75,351,280,323,298,159,159,63,177,155,180,158,238,353,338,333,376,275,120,124,30,-96,-138,-141,-179,-215,-255,-310,-129,-139,-295,-290,-244,-206,-177,-180,-233,-126,-13,-92,139,57,-14,270,121,103,41,-91,70,92,16,-123,-282,-189,-150,-244,-330,-196,-197,-278,-195,-456,-530,-453,-566,-544,-589,-587,-451,-465,-521,-463,-365,-325,-273,-69,-173,90,386,223,440,496,448,589,652,608,506,740,782,752,875,770,919,937,817,904,829,755,715,820,757,512,603,631,679,688,802,974,851,812,901,880,944,1002,1135,1078,1001,1046,862,917,928,748,810,612,526,497,286,320,263,155,145,49,-64,39,-28,-70,89,-64,-143,-34,-275,-274,-126,-295,-357,-156,-369,-341,-130,-304,-266,-238,-374,-399,-508,-507,-543,-500,-535,-535,-469,-501,-501,-412,-371,-420,-375,-363,-383,-366,-446,-447,-366,-438,-349,-290,-438,-406,-178,-158,-41,57,246,518,416,232,115,-194,-295,-414,-438,216,1376,1934,688,-1236,-2760,-4021,-4648,-4405,-3251,-1872,-817,-301,44,511,762,571,313,130,90,154,339,466,439,609,868,798,831,755,630,612,489,515,436,372,482,544,565,593,494,302,119,-131,-284,-378,-518,-589,-610,-651,-470,-391,-426,-341,-269,-290,-270,-218,-179,-182,-165,-103,-84,25,161,362,499,636,835,920,841,957,954,934,1093,921,730,753,670,541,536,345,109,129,-26,-133,-222,-284,-140,-179,-128,-49,-30,176,151,67,223,278,214,105,87,277,174,12,171,57,227,175,101,198,59,-26,86,137,153,106,221,283,287,263,277,313,182,250,355,272,272,258,332,376,409,402,323,475,587,507,487,583,554,514,638,642,588,462,494,370,197,329,549,585,524,539,619,530,472,500,207,210,344,75,211,231,105,294,252,275,301,204,385,352,321,148,135,228,90,194,-23,-117,112,-31,-79,-108,-142,11,16,-62,37,35,68,91,69,-38,28,177,122,278,262,381,505,263,300,223,-40,107,-100,-484,-537,-699,-734,-821,-913,-934,-954,-852,-872,-1027,-931,-897,-817,-872,-850,-893,-905,-721,-850,-874,-749,-695,-657,-754,-579,-508,-626,-550,-627,-596,-615,-547,-422,-476,-464,-471,-493,-406,-422,-543,-592,-562,-562,-666,-606,-630,-722,-513,-453,-282,-169,-291,-49,-9,68,30,-60,110,128,226,329,283,347,194,195,303,343,460,513,517,515,454,653,679,469,466,608,628,594,542,506,591,676,568,658,619,622,719,464,419,403,331,355,297,257,316,251,242,285,79,-59,-21,-50,-118,-228,-397,-285,-338,-420,-355,-351,-126,-45,-161,-53,-76,-109,108,147,9,0,29,89,77,87,-11,-85,30,-31,-1,14,-47,40,110,-46,-125,-107,-41,-136,-198,-155,-312,-251,-169,-426,-374,-370,-366,-185,-296,-195,-13,-64,12,113,106,222,272,391,377,306,438,447,511,653,567,613,745,798,799,781,904,824,692,675,488,492,463,381,536,387,362,406,340,328,385,392,294,341,262,93,180,176,36,61,107,-34,-26,32,-47,-53,-157,-251,-72,-89,-181,-166,-114,-46,-52,-62,-173,-107,-150,-165,-134,-241,-101,20,-141,-229,-96,-13,-61,6,-35,-88,-29,-7,-89,-135,-118,-108,-99,-60,-153,-251,-155,-150,-142,-24,-61,-160,28,-53,-97,-83,-71,-34,-49,-49,-125,-97,44,-6,-217,-109,25,-109,-186,49,112,22,166,77,87,181,78,185,308,215,84,175,245,-10,113,158,80,241,54,179,316,235,224,387,257,124,145,158,218,0,79,216,76,88,64,-7,50,-40,53,133,37,85,60,-95,-146,-6,-40,-108,69,22,63,221,164,228,168,96,167,169,-153,-244,-108,-136,-209,-247,-149,-37,7,153,76,-6,159,262,195,169,302,444,408,301,336,332,305,334,341,134,111,223,72,-19,29,-31,-181,-262,-263,-288,-478,-227,-102,-715,-578,-298,-512,-435,-691,-563,-178,-334,-290,-292,-330,-52,-187,-255,-31,96,-82,-225,30,49,-96,-147,-79,100,-20,-20,63,-122,94,355,154,-134,110,306,164,213,163,51,183,247,273,260,287,314,477,586,273,270,386,198,380,327,119,448,286,173,421,336,354,372,162,294,240,146,269,362,132,-35,243,184,153,91,197,299,253,428,287,149,551,523,365,584,650,645,573,560,644,637,924,946,726,676,538,666,621,369,310,205,30,41,115,-45,-56,-36,53,41,5,151,125,112,270,14,-131,234,259,56,-33,186,298,145,91,89,-78,20,197,-170,-281,-149,-161,-239,-433,-381,-227,-401,-647,-554,-395,-454,-589,-569,-419,-429,-532,-551,-466,-377,-321,-328,-325,-217,-309,-832,-714,-232,-462,-802